2.556052477541207235e+00
2.554180597294014810e+00
2.563539998529976938e+00
2.563539998529976938e+00
2.563539998529976938e+00
2.556052477541207235e+00
2.563539998529976938e+00
2.554180597294014810e+00
2.554180597294014810e+00
2.556052477541207235e+00
2.556052477541207235e+00
2.565411878777169363e+00
2.563539998529976938e+00
2.563539998529976938e+00
2.554180597294014810e+00
2.565411878777169363e+00
2.556052477541207235e+00
2.557924357788400105e+00
2.554180597294014810e+00
2.554180597294014810e+00
2.554180597294014810e+00
2.554180597294014810e+00
2.554180597294014810e+00
2.565411878777169363e+00
2.556052477541207235e+00
2.565411878777169363e+00
2.556052477541207235e+00
2.554180597294014810e+00
2.557924357788400105e+00
2.556052477541207235e+00
2.554180597294014810e+00
2.556052477541207235e+00
2.557924357788400105e+00
2.556052477541207235e+00
2.554180597294014810e+00
2.554180597294014810e+00
2.554180597294014810e+00
2.554180597294014810e+00
2.554180597294014810e+00
2.556052477541207235e+00
2.563539998529976938e+00
2.559796238035592086e+00
2.554180597294014810e+00
2.563539998529976938e+00
2.554180597294014810e+00
2.552308717046822828e+00
2.554180597294014810e+00
2.554180597294014810e+00
2.552308717046822828e+00
2.550436836799629958e+00
2.554180597294014810e+00
2.554180597294014810e+00
2.559796238035592086e+00
2.554180597294014810e+00
2.554180597294014810e+00
2.557924357788400105e+00
2.554180597294014810e+00
2.552308717046822828e+00
2.554180597294014810e+00
2.557924357788400105e+00
2.559796238035592086e+00
2.556052477541207235e+00
2.554180597294014810e+00
2.552308717046822828e+00
2.561668118282784512e+00
2.552308717046822828e+00
2.552308717046822828e+00
2.552308717046822828e+00
2.548564956552437977e+00
2.552308717046822828e+00
2.552308717046822828e+00
2.561668118282784512e+00
2.561668118282784512e+00
2.552308717046822828e+00
2.556052477541207235e+00
2.554180597294014810e+00
2.554180597294014810e+00
2.552308717046822828e+00
2.552308717046822828e+00
2.563539998529976938e+00
2.554180597294014810e+00
2.552308717046822828e+00
2.554180597294014810e+00
2.554180597294014810e+00
2.552308717046822828e+00
2.552308717046822828e+00
2.559796238035592086e+00
2.556052477541207235e+00
2.554180597294014810e+00
2.557924357788400105e+00
2.554180597294014810e+00
2.552308717046822828e+00
2.554180597294014810e+00
2.554180597294014810e+00
2.554180597294014810e+00
2.554180597294014810e+00
2.552308717046822828e+00
2.563539998529976938e+00
2.552308717046822828e+00
2.563539998529976938e+00
2.563539998529976938e+00
2.554180597294014810e+00
2.550436836799629958e+00
2.554180597294014810e+00
2.552308717046822828e+00
2.552308717046822828e+00
2.554180597294014810e+00
2.554180597294014810e+00
2.552308717046822828e+00
2.552308717046822828e+00
2.550436836799629958e+00
2.563539998529976938e+00
2.554180597294014810e+00
2.554180597294014810e+00
2.554180597294014810e+00
2.552308717046822828e+00
2.552308717046822828e+00
2.552308717046822828e+00
2.552308717046822828e+00
2.552308717046822828e+00
2.559796238035592086e+00
2.552308717046822828e+00
2.552308717046822828e+00
2.559796238035592086e+00
2.554180597294014810e+00
2.552308717046822828e+00
2.561668118282784512e+00
2.554180597294014810e+00
2.554180597294014810e+00
2.554180597294014810e+00
2.550436836799629958e+00
2.554180597294014810e+00
2.552308717046822828e+00
2.552308717046822828e+00
2.552308717046822828e+00
2.552308717046822828e+00
2.554180597294014810e+00
2.554180597294014810e+00
2.552308717046822828e+00
2.552308717046822828e+00
2.556052477541207235e+00
2.554180597294014810e+00
2.556052477541207235e+00
2.552308717046822828e+00
2.552308717046822828e+00
2.563539998529976938e+00
2.552308717046822828e+00
2.561668118282784512e+00
2.552308717046822828e+00
2.552308717046822828e+00
2.554180597294014810e+00
2.552308717046822828e+00
2.559796238035592086e+00
2.552308717046822828e+00
2.552308717046822828e+00
2.556052477541207235e+00
2.554180597294014810e+00
2.556052477541207235e+00
2.552308717046822828e+00
2.554180597294014810e+00
2.552308717046822828e+00
2.552308717046822828e+00
2.552308717046822828e+00
2.552308717046822828e+00
2.552308717046822828e+00
2.552308717046822828e+00
2.552308717046822828e+00
2.554180597294014810e+00
2.552308717046822828e+00
2.563539998529976938e+00
2.561668118282784512e+00
2.552308717046822828e+00
2.554180597294014810e+00
2.554180597294014810e+00
2.552308717046822828e+00
2.554180597294014810e+00
2.554180597294014810e+00
2.554180597294014810e+00
2.552308717046822828e+00
2.556052477541207235e+00
2.552308717046822828e+00
2.552308717046822828e+00
2.557924357788400105e+00
2.563539998529976938e+00
2.556052477541207235e+00
2.554180597294014810e+00
2.552308717046822828e+00
2.559796238035592086e+00
2.552308717046822828e+00
2.552308717046822828e+00
2.552308717046822828e+00
2.552308717046822828e+00
2.556052477541207235e+00
2.552308717046822828e+00
2.554180597294014810e+00
2.554180597294014810e+00
2.552308717046822828e+00
2.559796238035592086e+00
2.552308717046822828e+00
2.552308717046822828e+00
2.552308717046822828e+00
2.554180597294014810e+00
2.556052477541207235e+00
2.552308717046822828e+00
2.552308717046822828e+00
2.559796238035592086e+00
2.554180597294014810e+00
2.552308717046822828e+00
2.552308717046822828e+00
2.559796238035592086e+00
2.561668118282784512e+00
2.554180597294014810e+00
2.554180597294014810e+00
2.559796238035592086e+00
2.554180597294014810e+00
2.552308717046822828e+00
2.556052477541207235e+00
2.552308717046822828e+00
2.552308717046822828e+00
2.554180597294014810e+00
2.556052477541207235e+00
2.556052477541207235e+00
2.552308717046822828e+00
2.554180597294014810e+00
2.552308717046822828e+00
2.554180597294014810e+00
2.552308717046822828e+00
2.552308717046822828e+00
2.552308717046822828e+00
2.554180597294014810e+00
2.550436836799629958e+00
2.554180597294014810e+00
2.556052477541207235e+00
2.559796238035592086e+00
2.556052477541207235e+00
2.552308717046822828e+00
2.552308717046822828e+00
2.552308717046822828e+00
2.554180597294014810e+00
2.563539998529976938e+00
2.552308717046822828e+00
2.552308717046822828e+00
2.552308717046822828e+00
2.556052477541207235e+00
2.554180597294014810e+00
2.550436836799629958e+00
2.554180597294014810e+00
2.563539998529976938e+00
2.561668118282784512e+00
2.557924357788400105e+00
2.563539998529976938e+00
2.552308717046822828e+00
2.563539998529976938e+00
2.552308717046822828e+00
2.559796238035592086e+00
2.550436836799629958e+00
2.552308717046822828e+00
2.563539998529976938e+00
2.561668118282784512e+00
2.554180597294014810e+00
2.552308717046822828e+00
2.554180597294014810e+00
2.559796238035592086e+00
2.550436836799629958e+00
2.561668118282784512e+00
2.552308717046822828e+00
2.559796238035592086e+00
2.552308717046822828e+00
2.554180597294014810e+00
2.552308717046822828e+00
2.557924357788400105e+00
2.559796238035592086e+00
2.554180597294014810e+00
2.559796238035592086e+00
2.559796238035592086e+00
2.559796238035592086e+00
2.552308717046822828e+00
2.561668118282784512e+00
2.554180597294014810e+00
2.552308717046822828e+00
2.559796238035592086e+00
2.552308717046822828e+00
2.554180597294014810e+00
2.552308717046822828e+00
2.554180597294014810e+00
2.559796238035592086e+00
2.554180597294014810e+00
2.556052477541207235e+00
2.557924357788400105e+00
2.552308717046822828e+00
2.565411878777169363e+00
2.561668118282784512e+00
2.559796238035592086e+00
2.567283759024361789e+00
2.571027519518746640e+00
2.576643160260323917e+00
2.584130681249093175e+00
2.591618202237862434e+00
2.599105723226632580e+00
2.606593244215401839e+00
2.619696405945748374e+00
2.629055807181710502e+00
2.634671447923287779e+00
2.640287088664865056e+00
2.645902729406442333e+00
2.651518370148019610e+00
2.651518370148019610e+00
2.651518370148019610e+00
2.651518370148019610e+00
2.651518370148019610e+00
2.647774609653634315e+00
2.647774609653634315e+00
2.647774609653634315e+00
2.640287088664865056e+00
2.636543328170480205e+00
2.636543328170480205e+00
2.636543328170480205e+00
2.632799567676095354e+00
2.629055807181710502e+00
2.623440166440133670e+00
2.625312046687325651e+00
2.619696405945748374e+00
2.614080765204171541e+00
2.612208884956979116e+00
2.610337004709786690e+00
2.606593244215401839e+00
2.608465124462594265e+00
2.610337004709786690e+00
2.612208884956979116e+00
2.619696405945748374e+00
2.621568286192940800e+00
2.625312046687325651e+00
2.627183926934518077e+00
2.632799567676095354e+00
2.632799567676095354e+00
2.632799567676095354e+00
2.636543328170480205e+00
2.634671447923287779e+00
2.636543328170480205e+00
2.640287088664865056e+00
2.623440166440133670e+00
2.645902729406442333e+00
2.645902729406442333e+00
2.649646489900826740e+00
2.645902729406442333e+00
2.649646489900826740e+00
2.645902729406442333e+00
2.649646489900826740e+00
2.651518370148019610e+00
2.653390250395211591e+00
2.659005891136788868e+00
2.662749651631173275e+00
2.670237172619943422e+00
2.673980933114327829e+00
2.679596573855905106e+00
2.681468454103097532e+00
2.664621531878366145e+00
2.688955975091867234e+00
2.670237172619943422e+00
2.672109052867135404e+00
2.673980933114327829e+00
2.696443496080636493e+00
2.707674777563791046e+00
2.698315376327829362e+00
2.696443496080636493e+00
2.694571615833444067e+00
2.692699735586252086e+00
2.692699735586252086e+00
2.688955975091867234e+00
2.685212214597481939e+00
2.681468454103097532e+00
2.677724693608712681e+00
2.673980933114327829e+00
2.672109052867135404e+00
2.655262130642404017e+00
2.666493412125558127e+00
2.662749651631173275e+00
2.660877771383981294e+00
2.662749651631173275e+00
2.662749651631173275e+00
2.647774609653634315e+00
2.649646489900826740e+00
2.664621531878366145e+00
2.664621531878366145e+00
2.653390250395211591e+00
2.653390250395211591e+00
2.660877771383981294e+00
2.664621531878366145e+00
2.681468454103097532e+00
2.685212214597481939e+00
2.672109052867135404e+00
2.687084094844674809e+00
2.685212214597481939e+00
2.664621531878366145e+00
2.685212214597481939e+00
2.670237172619943422e+00
2.677724693608712681e+00
2.675852813361520255e+00
2.673980933114327829e+00
2.675852813361520255e+00
2.675852813361520255e+00
2.672109052867135404e+00
2.672109052867135404e+00
2.670237172619943422e+00
2.666493412125558127e+00
2.666493412125558127e+00
2.664621531878366145e+00
2.668365292372750552e+00
2.672109052867135404e+00
2.660877771383981294e+00
2.677724693608712681e+00
2.679596573855905106e+00
2.681468454103097532e+00
2.675852813361520255e+00
2.679596573855905106e+00
2.677724693608712681e+00
2.681468454103097532e+00
2.664621531878366145e+00
2.679596573855905106e+00
2.664621531878366145e+00
2.679596573855905106e+00
2.657134010889595999e+00
2.679596573855905106e+00
2.677724693608712681e+00
2.673980933114327829e+00
2.673980933114327829e+00
2.664621531878366145e+00
2.675852813361520255e+00
2.673980933114327829e+00
2.675852813361520255e+00
2.672109052867135404e+00
2.673980933114327829e+00
2.670237172619943422e+00
2.673980933114327829e+00
2.672109052867135404e+00
2.659005891136788868e+00
2.672109052867135404e+00
2.672109052867135404e+00
2.668365292372750552e+00
2.670237172619943422e+00
2.668365292372750552e+00
2.670237172619943422e+00
2.668365292372750552e+00
2.666493412125558127e+00
2.666493412125558127e+00
2.666493412125558127e+00
2.664621531878366145e+00
2.660877771383981294e+00
2.660877771383981294e+00
2.660877771383981294e+00
2.659005891136788868e+00
2.655262130642404017e+00
2.640287088664865056e+00
2.653390250395211591e+00
2.645902729406442333e+00
2.645902729406442333e+00
2.644030849159249463e+00
2.632799567676095354e+00
2.638415208417672186e+00
2.642158968912057482e+00
2.642158968912057482e+00
2.640287088664865056e+00
2.629055807181710502e+00
2.629055807181710502e+00
2.632799567676095354e+00
2.623440166440133670e+00
2.629055807181710502e+00
2.621568286192940800e+00
2.610337004709786690e+00
2.614080765204171541e+00
2.608465124462594265e+00
2.604721363968209857e+00
2.597233842979439711e+00
2.593490082485055304e+00
2.586002561496285601e+00
2.584130681249093175e+00
2.587874441743478027e+00
2.571027519518746640e+00
2.561668118282784512e+00
2.557924357788400105e+00
2.548564956552437977e+00
2.541077435563668274e+00
2.535461794822090997e+00
2.527974273833321739e+00
2.520486752844552036e+00
2.511127351608590352e+00
2.503639830619820206e+00
2.498024189878242929e+00
2.490536668889473670e+00
2.483049147900704412e+00
2.475561626911934709e+00
2.468074105923165007e+00
2.458714704687203323e+00
2.453099063945626046e+00
2.443739662709663918e+00
2.434380261473702234e+00
2.430636500979317383e+00
2.419405219496162829e+00
2.411917698507393570e+00
2.402558297271431442e+00
2.391327015788276888e+00
2.385711375046699612e+00
2.374480093563545946e+00
2.366992572574775799e+00
2.357633171338814115e+00
2.350145650350044413e+00
2.337042488619697878e+00
2.327683087383736193e+00
2.318323686147774065e+00
2.308964284911811937e+00
2.305220524417427530e+00
2.290245482439888125e+00
2.280886081203926441e+00
2.271526679967964313e+00
2.264039158979194610e+00
2.258423518237617778e+00
2.247192236754463224e+00
2.243448476260078372e+00
2.237832835518501096e+00
2.228473434282539412e+00
2.224729673788154560e+00
2.219114033046577283e+00
2.209754631810615599e+00
2.206010871316230748e+00
2.200395230574653471e+00
2.194779589833076194e+00
2.189163949091498917e+00
2.181676428102729659e+00
2.174188907113960401e+00
2.168573266372383124e+00
2.153598224394843719e+00
2.149854463900458867e+00
2.138623182417304314e+00
2.136751302170112332e+00
2.129263781181342630e+00
2.121776260192572927e+00
2.118032499698188520e+00
2.110544978709418817e+00
2.104929337967841541e+00
2.097441816979072282e+00
2.089954295990302580e+00
2.086210535495917728e+00
2.078723014507148026e+00
2.074979254012763175e+00
2.069363613271186342e+00
2.063747972529609065e+00
2.060004212035224214e+00
2.050644810799262530e+00
2.048772930552070104e+00
2.041285409563300401e+00
2.037541649068915550e+00
2.031926008327338273e+00
2.020694726844184164e+00
2.020694726844184164e+00
2.016950966349799312e+00
2.007591565113837184e+00
2.009463445361029610e+00
2.005719684866644759e+00
2.000104044125067482e+00
1.998232163877875278e+00
1.992616523136298223e+00
1.988872762641913372e+00
1.988872762641913372e+00
1.988872762641913372e+00
1.983257121900336317e+00
1.981385241653143892e+00
1.981385241653143892e+00
1.979513361405951466e+00
1.977641481158759040e+00
1.975769600911566837e+00
1.973897720664374411e+00
1.972025840417181763e+00
1.966410199675604931e+00
1.968282079922797134e+00
1.966410199675604931e+00
1.966410199675604931e+00
1.964538319428412505e+00
1.964538319428412505e+00
1.962666439181219857e+00
1.964538319428412505e+00
1.964538319428412505e+00
1.964538319428412505e+00
1.964538319428412505e+00
1.964538319428412505e+00
1.966410199675604931e+00
1.966410199675604931e+00
1.970153960169989560e+00
1.973897720664374411e+00
1.977641481158759040e+00
1.981385241653143892e+00
1.992616523136298223e+00
1.998232163877875278e+00
2.007591565113837184e+00
2.016950966349799312e+00
2.028182247832953422e+00
2.039413529316107976e+00
2.054388571293646937e+00
2.065619852776801491e+00
2.084338655248725303e+00
2.099313697226264264e+00
2.118032499698188520e+00
2.131135661428535055e+00
2.147982583653266442e+00
2.166701386125190254e+00
2.181676428102729659e+00
2.198523350327461046e+00
2.217242152799384858e+00
2.234089075024116688e+00
2.252807877496040501e+00
2.273398560215156294e+00
2.290245482439888125e+00
2.308964284911811937e+00
2.338914368866889859e+00
2.352017530597237283e+00
2.374480093563545946e+00
2.395070776282661740e+00
2.417533339248970847e+00
2.441867782462471492e+00
2.466202225675972581e+00
2.494280429383858522e+00
2.511127351608590352e+00
2.557924357788400105e+00
2.578515040507515899e+00
2.599105723226632580e+00
2.615952645451363967e+00
2.632799567676095354e+00
2.645902729406442333e+00
2.659005891136788868e+00
2.668365292372750552e+00
2.673980933114327829e+00
2.672109052867135404e+00
2.672109052867135404e+00
2.668365292372750552e+00
2.664621531878366145e+00
2.660877771383981294e+00
2.662749651631173275e+00
2.666493412125558127e+00
2.664621531878366145e+00
2.664621531878366145e+00
2.662749651631173275e+00
2.662749651631173275e+00
2.662749651631173275e+00
2.660877771383981294e+00
2.660877771383981294e+00
2.645902729406442333e+00
2.660877771383981294e+00
2.645902729406442333e+00
2.644030849159249463e+00
2.659005891136788868e+00
2.659005891136788868e+00
2.659005891136788868e+00
2.659005891136788868e+00
2.657134010889595999e+00
2.655262130642404017e+00
2.655262130642404017e+00
2.653390250395211591e+00
2.651518370148019610e+00
2.649646489900826740e+00
2.647774609653634315e+00
2.642158968912057482e+00
2.638415208417672186e+00
2.632799567676095354e+00
2.627183926934518077e+00
2.619696405945748374e+00
2.619696405945748374e+00
2.614080765204171541e+00
2.608465124462594265e+00
2.602849483721016988e+00
2.595361962732247729e+00
2.587874441743478027e+00
2.580386920754708768e+00
2.572899399765938622e+00
2.565411878777169363e+00
2.559796238035592086e+00
2.548564956552437977e+00
2.542949315810860700e+00
2.537333675069283423e+00
2.526102393586128869e+00
2.520486752844552036e+00
2.511127351608590352e+00
2.503639830619820206e+00
2.492408549136666540e+00
2.483049147900704412e+00
2.469945986170357433e+00
2.458714704687203323e+00
2.447483423204048769e+00
2.436252141720894659e+00
2.425020860237740106e+00
2.411917698507393570e+00
2.400686417024239017e+00
2.387583255293892481e+00
2.378223854057930353e+00
2.368864452821968669e+00
2.363248812080391392e+00
2.342658129361275154e+00
2.333298728125313470e+00
2.323939326889351342e+00
2.310836165159004363e+00
2.297733003428657828e+00
2.290245482439888125e+00
2.277142320709541590e+00
2.267782919473579462e+00
2.258423518237617778e+00
2.247192236754463224e+00
2.234089075024116688e+00
2.226601554035346542e+00
2.213498392305000007e+00
2.204138991069038322e+00
2.194779589833076194e+00
2.183548308349922085e+00
2.176060787361152382e+00
2.162957625630805847e+00
2.140495062664497183e+00
2.133007541675727481e+00
2.119904379945380501e+00
2.108673098462226392e+00
2.097441816979072282e+00
2.088082415743110154e+00
2.080594894754340451e+00
2.069363613271186342e+00
2.060004212035224214e+00
2.054388571293646937e+00
2.043157289810492827e+00
2.039413529316107976e+00
2.031926008327338273e+00
2.020694726844184164e+00
2.013207205855414461e+00
2.011335325608222035e+00
2.005719684866644759e+00
1.994488403383490649e+00
1.994488403383490649e+00
1.988872762641913372e+00
1.985129002147528743e+00
1.981385241653143892e+00
1.979513361405951466e+00
1.975769600911566837e+00
1.972025840417181763e+00
1.973897720664374411e+00
1.972025840417181763e+00
1.973897720664374411e+00
1.979513361405951466e+00
1.985129002147528743e+00
1.990744642889105798e+00
1.998232163877875278e+00
2.009463445361029610e+00
2.015079086102606887e+00
2.033797888574530699e+00
2.043157289810492827e+00
2.063747972529609065e+00
2.071235493518378767e+00
2.091826176237495005e+00
2.110544978709418817e+00
2.127391900934150204e+00
2.140495062664497183e+00
2.162957625630805847e+00
2.179804547855536789e+00
2.194779589833076194e+00
2.207882751563422730e+00
2.224729673788154560e+00
2.243448476260078372e+00
2.260295398484809759e+00
2.277142320709541590e+00
2.297733003428657828e+00
2.314579925653389214e+00
2.337042488619697878e+00
2.348273770102851987e+00
2.368864452821968669e+00
2.393198896035469758e+00
2.411917698507393570e+00
2.430636500979317383e+00
2.445611542956856788e+00
2.469945986170357433e+00
2.488664788642281245e+00
2.505511710867013075e+00
2.524230513338936888e+00
2.541077435563668274e+00
2.559796238035592086e+00
2.572899399765938622e+00
2.589746321990670452e+00
2.600977603473824562e+00
2.619696405945748374e+00
2.629055807181710502e+00
2.642158968912057482e+00
2.649646489900826740e+00
2.653390250395211591e+00
2.662749651631173275e+00
2.660877771383981294e+00
2.653390250395211591e+00
2.657134010889595999e+00
2.653390250395211591e+00
2.651518370148019610e+00
2.653390250395211591e+00
2.651518370148019610e+00
2.653390250395211591e+00
2.640287088664865056e+00
2.657134010889595999e+00
2.653390250395211591e+00
2.636543328170480205e+00
2.647774609653634315e+00
2.651518370148019610e+00
2.655262130642404017e+00
2.655262130642404017e+00
2.640287088664865056e+00
2.655262130642404017e+00
2.653390250395211591e+00
2.655262130642404017e+00
2.640287088664865056e+00
2.655262130642404017e+00
2.655262130642404017e+00
2.653390250395211591e+00
2.649646489900826740e+00
2.653390250395211591e+00
2.644030849159249463e+00
2.634671447923287779e+00
2.645902729406442333e+00
2.642158968912057482e+00
2.638415208417672186e+00
2.634671447923287779e+00
2.627183926934518077e+00
2.621568286192940800e+00
2.615952645451363967e+00
2.608465124462594265e+00
2.602849483721016988e+00
2.593490082485055304e+00
2.586002561496285601e+00
2.580386920754708768e+00
2.569155639271554215e+00
2.561668118282784512e+00
2.550436836799629958e+00
2.542949315810860700e+00
2.529846154080514165e+00
2.520486752844552036e+00
2.509255471361397483e+00
2.498024189878242929e+00
2.486792908395089263e+00
2.473689746664742284e+00
2.460586584934395304e+00
2.449355303451241195e+00
2.436252141720894659e+00
2.425020860237740106e+00
2.417533339248970847e+00
2.396942656529854165e+00
2.385711375046699612e+00
2.372608213316353076e+00
2.357633171338814115e+00
2.342658129361275154e+00
2.331426847878120601e+00
2.320195566394966047e+00
2.303348644170234660e+00
2.290245482439888125e+00
2.277142320709541590e+00
2.265911039226387036e+00
2.250935997248848075e+00
2.239704715765693965e+00
2.230345314529731837e+00
2.217242152799384858e+00
2.202267110821845897e+00
2.191035829338691343e+00
2.177932667608344808e+00
2.162957625630805847e+00
2.153598224394843719e+00
2.142366942911689165e+00
2.129263781181342630e+00
2.116160619450996094e+00
2.106801218215033966e+00
2.091826176237495005e+00
2.078723014507148026e+00
2.071235493518378767e+00
2.056260451540839362e+00
2.046901050304877234e+00
2.037541649068915550e+00
2.022566607091376589e+00
2.015079086102606887e+00
2.007591565113837184e+00
1.994488403383490649e+00
1.985129002147528743e+00
1.981385241653143892e+00
1.975769600911566837e+00
1.970153960169989560e+00
1.968282079922797134e+00
1.972025840417181763e+00
1.973897720664374411e+00
1.983257121900336317e+00
1.987000882394721168e+00
1.996360283630683075e+00
2.009463445361029610e+00
2.016950966349799312e+00
2.035669768821723125e+00
2.046901050304877234e+00
2.061876092282416639e+00
2.080594894754340451e+00
2.095569936731879856e+00
2.112416858956611243e+00
2.133007541675727481e+00
2.144238823158881591e+00
2.176060787361152382e+00
2.191035829338691343e+00
2.209754631810615599e+00
2.220985913293770153e+00
2.241576596012885947e+00
2.252807877496040501e+00
2.271526679967964313e+00
2.286501721945503718e+00
2.310836165159004363e+00
2.322067446642158917e+00
2.340786249114082729e+00
2.359505051586006541e+00
2.380095734305123223e+00
2.402558297271431442e+00
2.423148979990547680e+00
2.445611542956856788e+00
2.468074105923165007e+00
2.490536668889473670e+00
2.512999231855782334e+00
2.531718034327706146e+00
2.554180597294014810e+00
2.574771280013131491e+00
2.589746321990670452e+00
2.604721363968209857e+00
2.621568286192940800e+00
2.630927687428902928e+00
2.640287088664865056e+00
2.647774609653634315e+00
2.651518370148019610e+00
2.653390250395211591e+00
2.640287088664865056e+00
2.653390250395211591e+00
2.655262130642404017e+00
2.655262130642404017e+00
2.647774609653634315e+00
2.653390250395211591e+00
2.655262130642404017e+00
2.655262130642404017e+00
2.655262130642404017e+00
2.655262130642404017e+00
2.655262130642404017e+00
2.659005891136788868e+00
2.657134010889595999e+00
2.655262130642404017e+00
2.657134010889595999e+00
2.657134010889595999e+00
2.655262130642404017e+00
2.653390250395211591e+00
2.651518370148019610e+00
2.651518370148019610e+00
2.653390250395211591e+00
2.649646489900826740e+00
2.649646489900826740e+00
2.649646489900826740e+00
2.647774609653634315e+00
2.647774609653634315e+00
2.647774609653634315e+00
2.647774609653634315e+00
2.647774609653634315e+00
2.647774609653634315e+00
2.647774609653634315e+00
2.647774609653634315e+00
2.645902729406442333e+00
2.645902729406442333e+00
2.645902729406442333e+00
2.647774609653634315e+00
2.645902729406442333e+00
2.647774609653634315e+00
2.645902729406442333e+00
2.647774609653634315e+00
2.645902729406442333e+00
2.645902729406442333e+00
2.642158968912057482e+00
2.642158968912057482e+00
2.634671447923287779e+00
2.632799567676095354e+00
2.629055807181710502e+00
2.617824525698556393e+00
2.615952645451363967e+00
2.612208884956979116e+00
2.617824525698556393e+00
2.600977603473824562e+00
2.593490082485055304e+00
2.587874441743478027e+00
2.578515040507515899e+00
2.571027519518746640e+00
2.563539998529976938e+00
2.559796238035592086e+00
2.541077435563668274e+00
2.539205555316476293e+00
2.518614872597359611e+00
2.494280429383858522e+00
2.484921028147896394e+00
2.475561626911934709e+00
2.462458465181587730e+00
2.449355303451241195e+00
2.438124021968086641e+00
2.425020860237740106e+00
2.413789578754585552e+00
2.400686417024239017e+00
2.385711375046699612e+00
2.372608213316353076e+00
2.361376931833198967e+00
2.350145650350044413e+00
2.331426847878120601e+00
2.318323686147774065e+00
2.308964284911811937e+00
2.293989242934272976e+00
2.280886081203926441e+00
2.269654799720771887e+00
2.258423518237617778e+00
2.247192236754463224e+00
2.234089075024116688e+00
2.220985913293770153e+00
2.209754631810615599e+00
2.196651470080268620e+00
2.187292068844306936e+00
2.172317026866767531e+00
2.161085745383612977e+00
2.147982583653266442e+00
2.134879421922919907e+00
2.123648140439765353e+00
2.112416858956611243e+00
2.103057457720649115e+00
2.089954295990302580e+00
2.078723014507148026e+00
2.063747972529609065e+00
2.056260451540839362e+00
2.045029170057685253e+00
2.033797888574530699e+00
2.018822846596991738e+00
2.009463445361029610e+00
2.003847804619452777e+00
1.998232163877875278e+00
1.988872762641913372e+00
1.985129002147528743e+00
1.973897720664374411e+00
1.975769600911566837e+00
1.973897720664374411e+00
1.970153960169989560e+00
1.973897720664374411e+00
1.975769600911566837e+00
1.983257121900336317e+00
1.992616523136298223e+00
2.000104044125067482e+00
2.011335325608222035e+00
2.020694726844184164e+00
2.031926008327338273e+00
2.050644810799262530e+00
2.060004212035224214e+00
2.078723014507148026e+00
2.091826176237495005e+00
2.106801218215033966e+00
2.119904379945380501e+00
2.134879421922919907e+00
2.147982583653266442e+00
2.161085745383612977e+00
2.179804547855536789e+00
2.189163949091498917e+00
2.204138991069038322e+00
2.215370272552192876e+00
2.228473434282539412e+00
2.239704715765693965e+00
2.254679757743232482e+00
2.269654799720771887e+00
2.284629841698310848e+00
2.297733003428657828e+00
2.316451805900581640e+00
2.331426847878120601e+00
2.350145650350044413e+00
2.366992572574775799e+00
2.385711375046699612e+00
2.408173938013008719e+00
2.425020860237740106e+00
2.445611542956856788e+00
2.468074105923165007e+00
2.486792908395089263e+00
2.511127351608590352e+00
2.529846154080514165e+00
2.550436836799629958e+00
2.569155639271554215e+00
2.586002561496285601e+00
2.600977603473824562e+00
2.630927687428902928e+00
2.642158968912057482e+00
2.634671447923287779e+00
2.653390250395211591e+00
2.645902729406442333e+00
2.662749651631173275e+00
2.668365292372750552e+00
2.668365292372750552e+00
2.659005891136788868e+00
2.668365292372750552e+00
2.666493412125558127e+00
2.664621531878366145e+00
2.649646489900826740e+00
2.664621531878366145e+00
2.664621531878366145e+00
2.649646489900826740e+00
2.660877771383981294e+00
2.664621531878366145e+00
2.662749651631173275e+00
2.660877771383981294e+00
2.657134010889595999e+00
2.659005891136788868e+00
2.657134010889595999e+00
2.644030849159249463e+00
2.655262130642404017e+00
2.642158968912057482e+00
2.657134010889595999e+00
2.647774609653634315e+00
2.653390250395211591e+00
2.655262130642404017e+00
2.655262130642404017e+00
2.645902729406442333e+00
2.640287088664865056e+00
2.651518370148019610e+00
2.638415208417672186e+00
2.636543328170480205e+00
2.651518370148019610e+00
2.649646489900826740e+00
2.649646489900826740e+00
2.649646489900826740e+00
2.651518370148019610e+00
2.636543328170480205e+00
2.642158968912057482e+00
2.651518370148019610e+00
2.649646489900826740e+00
2.649646489900826740e+00
2.651518370148019610e+00
2.651518370148019610e+00
2.651518370148019610e+00
2.649646489900826740e+00
2.651518370148019610e+00
2.651518370148019610e+00
2.653390250395211591e+00
2.653390250395211591e+00
2.653390250395211591e+00
2.649646489900826740e+00
2.649646489900826740e+00
2.647774609653634315e+00
2.645902729406442333e+00
2.640287088664865056e+00
2.638415208417672186e+00
2.630927687428902928e+00
2.625312046687325651e+00
2.619696405945748374e+00
2.612208884956979116e+00
2.604721363968209857e+00
2.595361962732247729e+00
2.600977603473824562e+00
2.580386920754708768e+00
2.569155639271554215e+00
2.559796238035592086e+00
2.548564956552437977e+00
2.539205555316476293e+00
2.527974273833321739e+00
2.514871112102974759e+00
2.507383591114205057e+00
2.496152309631050947e+00
2.486792908395089263e+00
2.471817866417549858e+00
2.462458465181587730e+00
2.451227183698433620e+00
2.439995902215279511e+00
2.428764620732124957e+00
2.415661459001778422e+00
2.402558297271431442e+00
2.391327015788276888e+00
2.378223854057930353e+00
2.363248812080391392e+00
2.350145650350044413e+00
2.338914368866889859e+00
2.323939326889351342e+00
2.303348644170234660e+00
2.286501721945503718e+00
2.273398560215156294e+00
2.262167278732002185e+00
2.247192236754463224e+00
2.241576596012885947e+00
2.222857793540962135e+00
2.209754631810615599e+00
2.196651470080268620e+00
2.187292068844306936e+00
2.174188907113960401e+00
2.161085745383612977e+00
2.149854463900458867e+00
2.136751302170112332e+00
2.127391900934150204e+00
2.114288739203803669e+00
2.104929337967841541e+00
2.091826176237495005e+00
2.076851134259956044e+00
2.067491733023993916e+00
2.058132331788031788e+00
2.045029170057685253e+00
2.037541649068915550e+00
2.024438487338569015e+00
2.015079086102606887e+00
2.005719684866644759e+00
1.998232163877875278e+00
1.990744642889105798e+00
1.981385241653143892e+00
1.972025840417181763e+00
1.966410199675604931e+00
1.960794558934027654e+00
1.953307037945257951e+00
1.949563277450873322e+00
1.949563277450873322e+00
1.947691397203680896e+00
1.951435157698065526e+00
1.953307037945257951e+00
1.966410199675604931e+00
1.975769600911566837e+00
1.987000882394721168e+00
2.000104044125067482e+00
2.015079086102606887e+00
2.030054128080146292e+00
2.045029170057685253e+00
2.060004212035224214e+00
2.073107373765570749e+00
2.093698056484686987e+00
2.112416858956611243e+00
2.125520020686957778e+00
2.147982583653266442e+00
2.162957625630805847e+00
2.172317026866767531e+00
2.191035829338691343e+00
2.211626512057808025e+00
2.222857793540962135e+00
2.235960955271308670e+00
2.256551637990425352e+00
2.277142320709541590e+00
2.288373602192695699e+00
2.310836165159004363e+00
2.325811207136543324e+00
2.340786249114082729e+00
2.366992572574775799e+00
2.381967614552315204e+00
2.400686417024239017e+00
2.425020860237740106e+00
2.443739662709663918e+00
2.466202225675972581e+00
2.486792908395089263e+00
2.511127351608590352e+00
2.533589914574899016e+00
2.554180597294014810e+00
2.578515040507515899e+00
2.597233842979439711e+00
2.614080765204171541e+00
2.629055807181710502e+00
2.640287088664865056e+00
2.644030849159249463e+00
2.644030849159249463e+00
2.640287088664865056e+00
2.634671447923287779e+00
2.634671447923287779e+00
2.636543328170480205e+00
2.634671447923287779e+00
2.638415208417672186e+00
2.640287088664865056e+00
2.640287088664865056e+00
2.636543328170480205e+00
2.636543328170480205e+00
2.634671447923287779e+00
2.632799567676095354e+00
2.632799567676095354e+00
2.634671447923287779e+00
2.629055807181710502e+00
2.634671447923287779e+00
2.634671447923287779e+00
2.632799567676095354e+00
2.630927687428902928e+00
2.629055807181710502e+00
2.627183926934518077e+00
2.627183926934518077e+00
2.623440166440133670e+00
2.621568286192940800e+00
2.619696405945748374e+00
2.617824525698556393e+00
2.614080765204171541e+00
2.614080765204171541e+00
2.610337004709786690e+00
2.610337004709786690e+00
2.608465124462594265e+00
2.608465124462594265e+00
2.606593244215401839e+00
2.604721363968209857e+00
2.606593244215401839e+00
2.604721363968209857e+00
2.610337004709786690e+00
2.612208884956979116e+00
2.617824525698556393e+00
2.621568286192940800e+00
2.629055807181710502e+00
2.632799567676095354e+00
2.634671447923287779e+00
2.638415208417672186e+00
2.642158968912057482e+00
2.642158968912057482e+00
2.642158968912057482e+00
2.640287088664865056e+00
2.640287088664865056e+00
2.634671447923287779e+00
2.638415208417672186e+00
2.630927687428902928e+00
2.629055807181710502e+00
2.625312046687325651e+00
2.623440166440133670e+00
2.617824525698556393e+00
2.619696405945748374e+00
2.617824525698556393e+00
2.617824525698556393e+00
2.615952645451363967e+00
2.615952645451363967e+00
2.615952645451363967e+00
2.610337004709786690e+00
2.606593244215401839e+00
2.608465124462594265e+00
2.608465124462594265e+00
2.606593244215401839e+00
2.606593244215401839e+00
2.606593244215401839e+00
2.604721363968209857e+00
2.600977603473824562e+00
2.597233842979439711e+00
2.597233842979439711e+00
2.604721363968209857e+00
2.608465124462594265e+00
2.610337004709786690e+00
2.612208884956979116e+00
2.608465124462594265e+00
2.610337004709786690e+00
2.608465124462594265e+00
2.608465124462594265e+00
2.610337004709786690e+00
2.608465124462594265e+00
2.604721363968209857e+00
2.602849483721016988e+00
2.602849483721016988e+00
2.600977603473824562e+00
2.595361962732247729e+00
2.600977603473824562e+00
2.593490082485055304e+00
2.587874441743478027e+00
2.584130681249093175e+00
2.580386920754708768e+00
2.578515040507515899e+00
2.571027519518746640e+00
2.567283759024361789e+00
2.561668118282784512e+00
2.556052477541207235e+00
2.563539998529976938e+00
2.554180597294014810e+00
2.557924357788400105e+00
2.552308717046822828e+00
2.552308717046822828e+00
2.552308717046822828e+00
2.552308717046822828e+00
2.561668118282784512e+00
2.559796238035592086e+00
2.557924357788400105e+00
2.556052477541207235e+00
2.557924357788400105e+00
2.552308717046822828e+00
2.559796238035592086e+00
2.556052477541207235e+00
2.557924357788400105e+00
2.554180597294014810e+00
2.561668118282784512e+00
2.550436836799629958e+00
2.550436836799629958e+00
2.554180597294014810e+00
2.559796238035592086e+00
2.550436836799629958e+00
2.550436836799629958e+00
2.550436836799629958e+00
2.554180597294014810e+00
2.557924357788400105e+00
2.557924357788400105e+00
2.554180597294014810e+00
2.550436836799629958e+00
2.552308717046822828e+00
2.557924357788400105e+00
2.559796238035592086e+00
2.554180597294014810e+00
2.552308717046822828e+00
2.550436836799629958e+00
2.554180597294014810e+00
2.552308717046822828e+00
2.548564956552437977e+00
2.550436836799629958e+00
2.550436836799629958e+00
2.561668118282784512e+00
2.554180597294014810e+00
2.552308717046822828e+00
2.552308717046822828e+00
2.552308717046822828e+00
2.550436836799629958e+00
2.550436836799629958e+00
2.550436836799629958e+00
2.552308717046822828e+00
2.552308717046822828e+00
2.552308717046822828e+00
2.561668118282784512e+00
2.550436836799629958e+00
2.559796238035592086e+00
2.554180597294014810e+00
2.550436836799629958e+00
2.561668118282784512e+00
2.556052477541207235e+00
2.548564956552437977e+00
2.559796238035592086e+00
2.554180597294014810e+00
2.554180597294014810e+00
2.552308717046822828e+00
2.550436836799629958e+00
2.561668118282784512e+00
2.554180597294014810e+00
2.554180597294014810e+00
2.557924357788400105e+00
2.556052477541207235e+00
2.552308717046822828e+00
2.554180597294014810e+00
2.550436836799629958e+00
2.552308717046822828e+00
2.552631455020476281e+00
2.552954192994130622e+00
2.553276930967783631e+00
2.553599668941438416e+00
2.553922406915091869e+00
2.554245144888745767e+00
2.554567882862399664e+00
2.554890620836053117e+00
2.555213358809707458e+00
2.555536096783360911e+00
2.555858834757014808e+00
2.556181572730669149e+00
2.556504310704322602e+00
2.556827048677976943e+00
2.557149786651630397e+00
2.557472524625284294e+00
2.557795262598938191e+00
2.558118000572592088e+00
2.558440738546246429e+00
2.558763476519899438e+00
2.559086214493554223e+00
2.559408952467207232e+00
2.559731690440861573e+00
2.560054428414515026e+00
2.560377166388168924e+00
2.560699904361823265e+00
2.561022642335476718e+00
2.561668118282784512e+00
2.550436836799629958e+00
2.550436836799629958e+00
2.554180597294014810e+00
2.561668118282784512e+00
2.550436836799629958e+00
2.546693076305245551e+00
2.552308717046822828e+00
2.561668118282784512e+00
2.561668118282784512e+00
2.561668118282784512e+00
2.550436836799629958e+00
2.548564956552437977e+00
2.552308717046822828e+00
2.559796238035592086e+00
2.550436836799629958e+00
2.550436836799629958e+00
2.561668118282784512e+00
2.561668118282784512e+00
2.552308717046822828e+00
2.557924357788400105e+00
2.557924357788400105e+00
2.554180597294014810e+00
2.550436836799629958e+00
2.556052477541207235e+00
2.552308717046822828e+00
2.552308717046822828e+00
2.554180597294014810e+00
2.552308717046822828e+00
2.554180597294014810e+00
2.563539998529976938e+00
2.556052477541207235e+00
2.557924357788400105e+00
2.554180597294014810e+00
2.552308717046822828e+00
2.552308717046822828e+00
2.554180597294014810e+00
2.554180597294014810e+00
2.559796238035592086e+00
2.552308717046822828e+00
2.561668118282784512e+00
2.556052477541207235e+00
2.554180597294014810e+00
2.556052477541207235e+00
2.554180597294014810e+00
2.552308717046822828e+00
2.559796238035592086e+00
2.552308717046822828e+00
2.552308717046822828e+00
2.559796238035592086e+00
2.552308717046822828e+00
2.554180597294014810e+00
2.552308717046822828e+00
2.554180597294014810e+00
2.552308717046822828e+00
2.554180597294014810e+00
2.556052477541207235e+00
2.552308717046822828e+00
2.557924357788400105e+00
2.554180597294014810e+00
2.554180597294014810e+00
2.554180597294014810e+00
2.552308717046822828e+00
2.552308717046822828e+00
2.557924357788400105e+00
2.557924357788400105e+00
2.552308717046822828e+00
2.552308717046822828e+00
2.554180597294014810e+00
2.554180597294014810e+00
2.556052477541207235e+00
2.554180597294014810e+00
2.550436836799629958e+00
2.554180597294014810e+00
2.554180597294014810e+00
2.561668118282784512e+00
2.554180597294014810e+00
2.552308717046822828e+00
2.552308717046822828e+00
2.552308717046822828e+00
