1.528023361875885833e+00
1.974686217762327001e+00
1.974686217762327001e+00
1.975969731716023414e+00
1.977253245669720272e+00
1.975969731716023414e+00
1.973402703808630143e+00
1.974686217762327001e+00
1.974686217762327001e+00
1.973402703808630143e+00
1.974686217762327001e+00
1.977253245669720272e+00
1.975969731716023414e+00
1.975969731716023414e+00
1.936180799151427046e+00
1.977253245669720272e+00
1.975969731716023414e+00
1.974686217762327001e+00
1.975969731716023414e+00
1.975969731716023414e+00
1.975969731716023414e+00
1.934897285197730188e+00
1.975969731716023414e+00
1.936180799151427046e+00
1.936180799151427046e+00
1.973402703808630143e+00
1.974686217762327001e+00
1.934897285197730188e+00
1.973402703808630143e+00
1.973402703808630143e+00
1.977253245669720272e+00
1.937464313105123459e+00
1.937464313105123459e+00
1.973402703808630143e+00
1.937464313105123459e+00
1.972119189854933730e+00
1.973402703808630143e+00
1.973402703808630143e+00
1.974686217762327001e+00
1.933613771244033774e+00
1.974686217762327001e+00
1.975969731716023414e+00
1.975969731716023414e+00
1.937464313105123459e+00
1.977253245669720272e+00
1.936180799151427046e+00
1.975969731716023414e+00
1.975969731716023414e+00
1.975969731716023414e+00
1.973402703808630143e+00
1.974686217762327001e+00
1.973402703808630143e+00
1.973402703808630143e+00
1.975969731716023414e+00
1.974686217762327001e+00
1.975969731716023414e+00
1.975969731716023414e+00
1.937464313105123459e+00
1.974686217762327001e+00
1.975969731716023414e+00
1.974686217762327001e+00
1.974686217762327001e+00
1.973402703808630143e+00
1.975969731716023414e+00
1.974686217762327001e+00
1.977253245669720272e+00
1.934897285197730188e+00
1.974686217762327001e+00
1.974686217762327001e+00
1.974686217762327001e+00
1.974686217762327001e+00
1.975969731716023414e+00
1.936180799151427046e+00
1.974686217762327001e+00
1.936180799151427046e+00
1.937464313105123459e+00
1.974686217762327001e+00
1.974686217762327001e+00
1.974686217762327001e+00
1.974686217762327001e+00
1.974686217762327001e+00
1.974686217762327001e+00
1.975969731716023414e+00
1.974686217762327001e+00
1.977253245669720272e+00
1.974686217762327001e+00
1.937464313105123459e+00
1.974686217762327001e+00
1.974686217762327001e+00
1.937464313105123459e+00
1.975969731716023414e+00
1.974686217762327001e+00
1.975969731716023414e+00
1.972119189854933730e+00
1.974686217762327001e+00
1.974686217762327001e+00
1.975969731716023414e+00
1.974686217762327001e+00
1.937464313105123459e+00
1.974686217762327001e+00
1.975969731716023414e+00
1.977253245669720272e+00
1.973402703808630143e+00
1.974686217762327001e+00
1.974686217762327001e+00
1.974686217762327001e+00
1.973402703808630143e+00
1.974686217762327001e+00
1.974686217762327001e+00
1.955433508456877023e+00
1.975969731716023414e+00
1.974686217762327001e+00
1.975969731716023414e+00
1.973402703808630143e+00
1.975969731716023414e+00
1.975969731716023414e+00
1.974686217762327001e+00
1.969552161947540236e+00
1.973402703808630143e+00
1.972119189854933730e+00
1.974686217762327001e+00
1.972119189854933730e+00
1.975969731716023414e+00
1.970835675901236872e+00
1.973402703808630143e+00
1.970835675901236872e+00
1.972119189854933730e+00
1.973402703808630143e+00
1.969552161947540236e+00
1.972119189854933730e+00
1.970835675901236872e+00
1.972119189854933730e+00
1.972119189854933730e+00
1.973402703808630143e+00
1.970835675901236872e+00
1.934897285197730188e+00
1.972119189854933730e+00
1.934897285197730188e+00
1.970835675901236872e+00
1.970835675901236872e+00
1.933613771244033774e+00
1.970835675901236872e+00
1.970835675901236872e+00
1.973402703808630143e+00
1.972119189854933730e+00
1.934897285197730188e+00
1.934897285197730188e+00
1.972119189854933730e+00
1.972119189854933730e+00
1.972119189854933730e+00
1.970835675901236872e+00
1.933613771244033774e+00
1.972119189854933730e+00
1.970835675901236872e+00
1.974686217762327001e+00
1.970835675901236872e+00
1.970835675901236872e+00
1.933613771244033774e+00
1.973402703808630143e+00
1.972119189854933730e+00
1.973402703808630143e+00
1.972119189854933730e+00
1.970835675901236872e+00
1.972119189854933730e+00
1.973402703808630143e+00
1.933613771244033774e+00
1.972119189854933730e+00
1.973402703808630143e+00
1.973402703808630143e+00
1.973402703808630143e+00
1.970835675901236872e+00
1.973402703808630143e+00
1.973402703808630143e+00
1.972119189854933730e+00
1.968268647993843601e+00
1.972119189854933730e+00
1.968268647993843601e+00
1.934897285197730188e+00
1.968268647993843601e+00
1.973402703808630143e+00
1.973402703808630143e+00
1.972119189854933730e+00
1.972119189854933730e+00
1.952866480549483752e+00
1.972119189854933730e+00
1.970835675901236872e+00
1.970835675901236872e+00
1.970835675901236872e+00
1.972119189854933730e+00
1.933613771244033774e+00
1.972119189854933730e+00
1.970835675901236872e+00
1.934897285197730188e+00
1.972119189854933730e+00
1.968268647993843601e+00
1.934897285197730188e+00
1.972119189854933730e+00
1.934897285197730188e+00
1.972119189854933730e+00
1.969552161947540236e+00
1.972119189854933730e+00
1.973402703808630143e+00
1.970835675901236872e+00
1.934897285197730188e+00
1.936180799151427046e+00
1.968268647993843601e+00
1.973402703808630143e+00
1.973402703808630143e+00
1.969552161947540236e+00
1.973402703808630143e+00
1.934897285197730188e+00
1.933613771244033774e+00
1.973402703808630143e+00
1.973402703808630143e+00
1.934897285197730188e+00
1.934897285197730188e+00
1.932330257290336917e+00
1.969552161947540236e+00
1.972119189854933730e+00
1.972119189854933730e+00
1.973402703808630143e+00
1.933613771244033774e+00
1.934897285197730188e+00
1.973402703808630143e+00
1.970835675901236872e+00
1.973402703808630143e+00
1.934897285197730188e+00
1.972119189854933730e+00
1.934897285197730188e+00
1.932330257290336917e+00
1.934897285197730188e+00
1.933613771244033774e+00
1.972119189854933730e+00
1.933613771244033774e+00
1.933613771244033774e+00
1.932330257290336917e+00
1.972119189854933730e+00
1.934897285197730188e+00
1.969552161947540236e+00
1.973402703808630143e+00
1.934897285197730188e+00
1.934897285197730188e+00
1.972119189854933730e+00
1.970835675901236872e+00
1.972119189854933730e+00
1.933613771244033774e+00
1.972119189854933730e+00
1.934897285197730188e+00
1.933613771244033774e+00
1.973402703808630143e+00
1.972119189854933730e+00
1.934897285197730188e+00
1.969552161947540236e+00
1.934897285197730188e+00
1.933613771244033774e+00
1.934897285197730188e+00
1.970835675901236872e+00
1.973402703808630143e+00
1.972119189854933730e+00
1.973402703808630143e+00
1.931046743336640059e+00
1.972119189854933730e+00
1.968268647993843601e+00
1.970835675901236872e+00
1.932330257290336917e+00
1.970835675901236872e+00
1.974686217762327001e+00
1.970835675901236872e+00
1.972119189854933730e+00
1.969552161947540236e+00
1.974686217762327001e+00
1.973402703808630143e+00
1.970835675901236872e+00
1.972119189854933730e+00
1.969552161947540236e+00
1.934897285197730188e+00
1.970835675901236872e+00
1.972119189854933730e+00
1.972119189854933730e+00
1.973402703808630143e+00
1.932330257290336917e+00
1.973402703808630143e+00
1.974686217762327001e+00
1.934897285197730188e+00
1.974686217762327001e+00
1.970835675901236872e+00
1.973402703808630143e+00
1.970835675901236872e+00
1.972119189854933730e+00
1.970835675901236872e+00
1.972119189854933730e+00
1.973402703808630143e+00
1.972119189854933730e+00
1.972119189854933730e+00
1.970835675901236872e+00
1.972119189854933730e+00
1.972119189854933730e+00
1.974686217762327001e+00
1.970835675901236872e+00
1.970835675901236872e+00
1.970835675901236872e+00
1.973402703808630143e+00
1.969552161947540236e+00
1.973402703808630143e+00
1.973402703808630143e+00
1.969552161947540236e+00
1.972119189854933730e+00
1.973402703808630143e+00
1.970835675901236872e+00
1.973402703808630143e+00
1.973402703808630143e+00
1.970835675901236872e+00
1.972119189854933730e+00
1.970835675901236872e+00
1.972119189854933730e+00
1.973402703808630143e+00
1.973402703808630143e+00
1.972119189854933730e+00
1.970835675901236872e+00
1.933613771244033774e+00
1.934897285197730188e+00
1.970835675901236872e+00
1.970835675901236872e+00
1.970835675901236872e+00
1.972119189854933730e+00
1.972119189854933730e+00
1.970835675901236872e+00
1.972119189854933730e+00
1.969552161947540236e+00
1.972119189854933730e+00
1.970835675901236872e+00
1.970835675901236872e+00
1.969552161947540236e+00
1.973402703808630143e+00
1.969552161947540236e+00
1.970835675901236872e+00
1.970835675901236872e+00
1.968268647993843601e+00
1.970835675901236872e+00
1.933613771244033774e+00
1.932330257290336917e+00
1.969552161947540236e+00
1.968268647993843601e+00
1.969552161947540236e+00
1.968268647993843601e+00
1.969552161947540236e+00
1.933613771244033774e+00
1.969552161947540236e+00
1.932330257290336917e+00
1.970835675901236872e+00
1.931046743336640059e+00
1.931046743336640059e+00
1.966985134040146965e+00
1.969552161947540236e+00
1.969552161947540236e+00
1.929763229382943646e+00
1.966985134040146965e+00
1.966985134040146965e+00
1.931046743336640059e+00
1.933613771244033774e+00
1.974686217762327001e+00
1.938747827058820317e+00
1.975969731716023414e+00
1.942598368919910223e+00
1.983670815438203672e+00
1.987521357299293800e+00
1.990088385206687072e+00
1.997789468928867107e+00
2.001640010789957014e+00
2.004207038697350729e+00
2.010624608465833685e+00
2.011908122419530542e+00
2.017042178234317085e+00
2.020892720095406769e+00
2.026026775910193756e+00
2.029877317771283884e+00
2.027310289863890169e+00
2.026026775910193756e+00
2.024743261956496898e+00
2.024743261956496898e+00
2.015758664280620227e+00
2.022176234049103627e+00
1.960567564271663565e+00
1.968268647993843601e+00
1.978536759623417129e+00
1.982387301484506814e+00
1.982387301484506814e+00
1.993938927067777200e+00
1.999072982882563743e+00
1.999072982882563743e+00
2.004207038697350729e+00
2.004207038697350729e+00
2.000356496836260600e+00
2.002923524743653871e+00
2.000356496836260600e+00
1.999072982882563743e+00
1.999072982882563743e+00
2.002923524743653871e+00
2.000356496836260600e+00
2.049130027076734084e+00
2.046562999169340369e+00
2.001640010789957014e+00
1.997789468928867107e+00
1.995222441021473614e+00
2.038861915447160555e+00
2.035011373586070427e+00
1.992655413114080343e+00
2.035011373586070427e+00
1.993938927067777200e+00
2.035011373586070427e+00
2.032444345678677156e+00
2.032444345678677156e+00
1.992655413114080343e+00
2.031160831724980298e+00
2.033727859632373569e+00
1.990088385206687072e+00
2.042712457308250684e+00
2.004207038697350729e+00
2.009341094512137271e+00
2.010624608465833685e+00
2.013191636373226956e+00
2.073516792196970382e+00
2.067099222428487426e+00
2.079934361965453782e+00
2.085068417780240324e+00
2.091485987548723724e+00
2.096620043363510710e+00
2.065815708474790569e+00
2.069666250335880697e+00
2.069666250335880697e+00
2.036294887539767284e+00
2.060681652660004026e+00
2.082501389872847053e+00
2.051697054984127355e+00
2.074800306150667240e+00
2.022176234049103627e+00
2.022176234049103627e+00
2.020892720095406769e+00
2.022176234049103627e+00
2.019609206141710356e+00
2.059398138706307169e+00
2.058114624752610755e+00
2.011908122419530542e+00
2.055547596845217484e+00
2.058114624752610755e+00
2.059398138706307169e+00
2.061965166613700884e+00
2.064532194521094155e+00
2.067099222428487426e+00
2.051697054984127355e+00
2.065815708474790569e+00
2.068382736382183840e+00
2.068382736382183840e+00
2.069666250335880697e+00
2.070949764289577111e+00
2.070949764289577111e+00
2.028593803817587027e+00
2.069666250335880697e+00
2.070949764289577111e+00
2.069666250335880697e+00
2.069666250335880697e+00
2.068382736382183840e+00
2.024743261956496898e+00
2.018325692188013498e+00
2.019609206141710356e+00
2.063248680567397297e+00
2.061965166613700884e+00
2.015758664280620227e+00
2.013191636373226956e+00
2.014475150326923814e+00
2.013191636373226956e+00
2.011908122419530542e+00
2.010624608465833685e+00
2.011908122419530542e+00
2.010624608465833685e+00
2.010624608465833685e+00
2.010624608465833685e+00
2.011908122419530542e+00
2.055547596845217484e+00
2.011908122419530542e+00
2.009341094512137271e+00
2.011908122419530542e+00
2.054264082891520626e+00
2.050413541030430498e+00
2.049130027076734084e+00
2.004207038697350729e+00
2.001640010789957014e+00
2.037578401493463698e+00
1.992655413114080343e+00
1.987521357299293800e+00
1.982387301484506814e+00
1.977253245669720272e+00
1.972119189854933730e+00
1.968268647993843601e+00
1.964418106132753694e+00
1.959284050317967152e+00
1.950299452642090037e+00
1.946448910781000352e+00
1.941314854966213588e+00
1.938747827058820317e+00
1.933613771244033774e+00
1.929763229382943646e+00
1.923345659614460246e+00
1.922062145660763388e+00
1.915644575892279988e+00
1.914361061938583575e+00
1.951582966595786894e+00
1.907943492170100175e+00
1.946448910781000352e+00
1.942598368919910223e+00
1.893824838679436739e+00
1.895108352633133597e+00
1.893824838679436739e+00
1.933613771244033774e+00
1.882273213096166797e+00
1.884840241003560068e+00
1.879706185188773304e+00
1.918211603799673259e+00
1.870721587512896633e+00
1.910510520077493446e+00
1.865587531698110091e+00
1.901525922401616997e+00
1.856602934022233420e+00
1.852752392161143291e+00
1.848901850300053384e+00
1.843767794485266842e+00
1.879706185188773304e+00
1.873288615420289904e+00
1.827082113087209914e+00
1.864304017744413233e+00
1.856602934022233420e+00
1.850185364253750020e+00
1.846334822392660113e+00
1.839917252624176713e+00
1.834783196809389727e+00
1.829649140994603185e+00
1.824515085179816642e+00
1.819381029365029878e+00
1.814246973550243336e+00
1.805262375874366665e+00
1.757772359587589595e+00
1.792427236337399865e+00
1.746220734004319652e+00
1.782159124707826559e+00
1.777025068893039572e+00
1.732102080513656217e+00
1.770607499124556394e+00
1.721833968884083133e+00
1.760339387494983310e+00
1.712849371208206239e+00
1.746220734004319652e+00
1.743653706096926381e+00
1.735952622374746346e+00
1.733385594467353075e+00
1.726968024698869675e+00
1.721833968884083133e+00
1.717983427022993004e+00
1.712849371208206239e+00
1.710282343300812968e+00
1.706431801439722840e+00
1.701297745624936297e+00
1.696163689810149755e+00
1.691029633995362769e+00
1.688462606087969498e+00
1.683328550273182955e+00
1.676910980504699555e+00
1.669209896782519520e+00
1.656374757245552720e+00
1.660225299106642849e+00
1.643539617708586142e+00
1.638405561893799600e+00
1.639689075847496014e+00
1.629420964217922707e+00
1.634555020032709471e+00
1.619152852588349401e+00
1.616585824680955907e+00
1.608884740958776094e+00
1.602467171190292694e+00
1.592199059560719387e+00
1.588348517699629259e+00
1.585781489792235988e+00
1.580647433977449445e+00
1.575513378162662459e+00
1.574229864208966045e+00
1.562678238625695881e+00
1.560111210718302610e+00
1.554977154903516068e+00
1.552410126996122353e+00
1.538291473505459139e+00
1.535724445598065868e+00
1.528023361875885833e+00
1.529306875829582690e+00
1.502353082801952455e+00
1.511337680477828904e+00
1.507487138616738997e+00
1.501069568848255598e+00
1.494651999079772198e+00
1.472832261866928949e+00
1.483100373496502256e+00
1.476682803728019078e+00
1.458713608376265514e+00
1.466414692098445549e+00
1.461280636283659007e+00
1.459997122329962149e+00
1.454863066515175607e+00
1.449729010700388843e+00
1.445878468839298936e+00
1.439460899070815536e+00
1.426625759533848736e+00
1.431759815348635501e+00
1.427909273487545372e+00
1.422775217672758830e+00
1.411223592089488887e+00
1.415074133950578794e+00
1.412507106043185523e+00
1.412507106043185523e+00
1.411223592089488887e+00
1.411223592089488887e+00
1.412507106043185523e+00
1.415074133950578794e+00
1.418924675811668923e+00
1.422775217672758830e+00
1.430476301394938865e+00
1.436893871163422265e+00
1.448445496746692207e+00
1.454863066515175607e+00
1.463847664191052278e+00
1.468981720005838820e+00
1.479249831635412349e+00
1.488234429311288798e+00
1.508770652570435633e+00
1.515188222338919033e+00
1.525456333968492562e+00
1.530590389783279104e+00
1.543425529320245682e+00
1.551126613042425939e+00
1.558827696764605752e+00
1.563961752579392517e+00
1.576796892116359317e+00
1.580647433977449445e+00
1.588348517699629259e+00
1.593482573514416023e+00
1.603750685143989108e+00
1.607601227005079236e+00
1.612735282819866223e+00
1.620436366542046036e+00
1.625570422356832800e+00
1.633271506079012614e+00
1.638405561893799600e+00
1.651240701430766178e+00
1.652524215384462813e+00
1.658941785152945991e+00
1.667926382828822662e+00
1.676910980504699555e+00
1.644823131662283000e+00
1.689746120041666355e+00
1.693596661902756040e+00
1.701297745624936297e+00
1.703864773532329568e+00
1.707715315393419697e+00
1.712849371208206239e+00
1.717983427022993004e+00
1.723117482837779546e+00
1.687179092134272640e+00
1.726968024698869675e+00
1.734669108421049710e+00
1.737236136328442981e+00
1.744937220050622795e+00
1.747504247958016510e+00
1.753921817726499910e+00
1.756488845633893181e+00
1.760339387494983310e+00
1.765473443309769852e+00
1.768040471217163123e+00
1.773174527031949888e+00
1.738519650282139617e+00
1.786009666568916687e+00
1.791143722383703230e+00
1.757772359587589595e+00
1.801411834013276536e+00
1.811679945642850065e+00
1.820664543318726736e+00
1.827082113087209914e+00
1.836066710763086585e+00
1.847618336346356527e+00
1.860453475883323105e+00
1.872005101466593491e+00
1.884840241003560068e+00
1.895108352633133597e+00
1.915644575892279988e+00
1.924629173568156659e+00
1.941314854966213588e+00
1.955433508456877023e+00
1.970835675901236872e+00
1.988804871252990214e+00
2.006774066604744000e+00
2.020892720095406769e+00
1.991371899160383707e+00
2.038861915447160555e+00
2.042712457308250684e+00
2.040145429400856969e+00
1.991371899160383707e+00
2.036294887539767284e+00
1.987521357299293800e+00
2.037578401493463698e+00
2.038861915447160555e+00
2.040145429400856969e+00
2.040145429400856969e+00
2.041428943354553827e+00
1.992655413114080343e+00
2.037578401493463698e+00
1.987521357299293800e+00
1.987521357299293800e+00
1.990088385206687072e+00
1.982387301484506814e+00
1.993938927067777200e+00
2.041428943354553827e+00
1.999072982882563743e+00
2.000356496836260600e+00
2.000356496836260600e+00
2.049130027076734084e+00
2.004207038697350729e+00
2.051697054984127355e+00
2.002923524743653871e+00
2.047846513123037226e+00
2.041428943354553827e+00
1.993938927067777200e+00
1.984954329391900529e+00
2.033727859632373569e+00
1.982387301484506814e+00
1.984954329391900529e+00
1.982387301484506814e+00
1.975969731716023414e+00
1.974686217762327001e+00
1.977253245669720272e+00
1.975969731716023414e+00
1.981103787530810401e+00
1.974686217762327001e+00
1.979820273577113543e+00
1.982387301484506814e+00
2.028593803817587027e+00
1.988804871252990214e+00
2.032444345678677156e+00
1.990088385206687072e+00
1.990088385206687072e+00
2.035011373586070427e+00
2.037578401493463698e+00
2.037578401493463698e+00
1.992655413114080343e+00
2.036294887539767284e+00
2.033727859632373569e+00
2.032444345678677156e+00
1.986237843345596943e+00
1.983670815438203672e+00
1.979820273577113543e+00
1.974686217762327001e+00
1.969552161947540236e+00
1.964418106132753694e+00
1.958000536364270294e+00
1.947732424734696766e+00
1.940031341012516952e+00
1.933613771244033774e+00
1.923345659614460246e+00
1.914361061938583575e+00
1.911794034031190082e+00
1.905376464262706682e+00
1.941314854966213588e+00
1.891257810772043468e+00
1.925912687521853517e+00
1.878422671235076891e+00
1.872005101466593491e+00
1.907943492170100175e+00
1.901525922401616997e+00
1.895108352633133597e+00
1.888690782864650197e+00
1.883556727049863433e+00
1.878422671235076891e+00
1.874572129373986762e+00
1.869438073559200220e+00
1.821948057272423149e+00
1.857886447975929833e+00
1.852752392161143291e+00
1.848901850300053384e+00
1.841200766577873127e+00
1.793710750291096501e+00
1.829649140994603185e+00
1.824515085179816642e+00
1.819381029365029878e+00
1.812963459596546478e+00
1.806545889828063078e+00
1.801411834013276536e+00
1.791143722383703230e+00
1.783442638661522972e+00
1.777025068893039572e+00
1.770607499124556394e+00
1.765473443309769852e+00
1.753921817726499910e+00
1.750071275865409781e+00
1.739803164235836253e+00
1.733385594467353075e+00
1.725684510745172817e+00
1.719266940976689417e+00
1.714132885161902875e+00
1.703864773532329568e+00
1.698730717717543026e+00
1.691029633995362769e+00
1.685895578180576226e+00
1.679478008412092827e+00
1.671776924689912791e+00
1.666642868875126249e+00
1.660225299106642849e+00
1.653807729338159449e+00
1.647390159569676271e+00
1.633271506079012614e+00
1.629420964217922707e+00
1.621719880495742672e+00
1.612735282819866223e+00
1.606317713051382823e+00
1.601183657236595836e+00
1.589632031653326116e+00
1.585781489792235988e+00
1.578080406070055730e+00
1.572946350255269188e+00
1.567812294440482646e+00
1.562678238625695881e+00
1.554977154903516068e+00
1.548559585135032668e+00
1.535724445598065868e+00
1.534440931644369233e+00
1.530590389783279104e+00
1.521605792107402433e+00
1.513904708385222397e+00
1.510054166524132491e+00
1.503636596755649091e+00
1.492084971172378927e+00
1.486950915357592384e+00
1.480533345589108984e+00
1.472832261866928949e+00
1.470265233959535678e+00
1.463847664191052278e+00
1.459997122329962149e+00
1.454863066515175607e+00
1.451012524654085478e+00
1.452296038607782114e+00
1.456146580468872243e+00
1.453579552561478971e+00
1.459997122329962149e+00
1.466414692098445549e+00
1.474115775820625807e+00
1.483100373496502256e+00
1.489517943264985655e+00
1.485667401403895527e+00
1.512621194431525762e+00
1.524172820014795704e+00
1.530590389783279104e+00
1.543425529320245682e+00
1.556260668857212481e+00
1.566528780486785788e+00
1.576796892116359317e+00
1.585781489792235988e+00
1.596049601421809294e+00
1.603750685143989108e+00
1.612735282819866223e+00
1.623003394449439307e+00
1.626853936310529214e+00
1.635838533986405885e+00
1.642256103754889285e+00
1.651240701430766178e+00
1.657658271199249578e+00
1.671776924689912791e+00
1.679478008412092827e+00
1.685895578180576226e+00
1.693596661902756040e+00
1.702581259578633155e+00
1.707715315393419697e+00
1.712849371208206239e+00
1.717983427022993004e+00
1.726968024698869675e+00
1.732102080513656217e+00
1.741086678189533110e+00
1.747504247958016510e+00
1.760339387494983310e+00
1.760339387494983310e+00
1.770607499124556394e+00
1.778308582846736430e+00
1.786009666568916687e+00
1.789860208430006372e+00
1.798844806105883265e+00
1.809112917735456350e+00
1.818097515411333465e+00
1.823231571226120007e+00
1.834783196809389727e+00
1.842484280531569985e+00
1.854035906114839927e+00
1.864304017744413233e+00
1.875855643327683620e+00
1.886123754957256704e+00
1.898958894494223282e+00
1.861736989837019962e+00
1.928479715429246788e+00
1.938747827058820317e+00
1.904092950309010268e+00
1.915644575892279988e+00
1.934897285197730188e+00
1.945165396827303494e+00
1.972119189854933730e+00
1.983670815438203672e+00
1.983670815438203672e+00
1.987521357299293800e+00
1.983670815438203672e+00
1.972119189854933730e+00
1.981103787530810401e+00
1.978536759623417129e+00
1.974686217762327001e+00
1.979820273577113543e+00
1.983670815438203672e+00
1.982387301484506814e+00
1.984954329391900529e+00
1.983670815438203672e+00
1.982387301484506814e+00
1.983670815438203672e+00
1.981103787530810401e+00
1.979820273577113543e+00
1.984954329391900529e+00
1.984954329391900529e+00
1.981103787530810401e+00
1.982387301484506814e+00
1.982387301484506814e+00
1.983670815438203672e+00
1.982387301484506814e+00
1.977253245669720272e+00
1.981103787530810401e+00
1.979820273577113543e+00
1.978536759623417129e+00
1.978536759623417129e+00
1.979820273577113543e+00
2.028593803817587027e+00
1.979820273577113543e+00
1.978536759623417129e+00
1.982387301484506814e+00
1.977253245669720272e+00
1.981103787530810401e+00
1.981103787530810401e+00
1.977253245669720272e+00
1.984954329391900529e+00
1.978536759623417129e+00
1.983670815438203672e+00
1.983670815438203672e+00
2.029877317771283884e+00
1.984954329391900529e+00
1.986237843345596943e+00
1.983670815438203672e+00
1.986237843345596943e+00
1.983670815438203672e+00
1.983670815438203672e+00
1.979820273577113543e+00
1.982387301484506814e+00
1.981103787530810401e+00
1.977253245669720272e+00
1.977253245669720272e+00
1.973402703808630143e+00
1.977253245669720272e+00
1.972119189854933730e+00
1.970835675901236872e+00
1.968268647993843601e+00
1.973402703808630143e+00
1.970835675901236872e+00
1.969552161947540236e+00
1.969552161947540236e+00
1.960567564271663565e+00
1.966985134040146965e+00
1.964418106132753694e+00
1.961851078225360423e+00
1.959284050317967152e+00
1.959284050317967152e+00
1.954149994503180165e+00
1.943881882873606859e+00
1.945165396827303494e+00
1.943881882873606859e+00
1.945165396827303494e+00
1.940031341012516952e+00
1.934897285197730188e+00
1.929763229382943646e+00
1.925912687521853517e+00
1.922062145660763388e+00
1.913077547984886717e+00
1.916928089845976846e+00
1.909227006123796810e+00
1.906659978216403539e+00
1.949015938688393623e+00
1.943881882873606859e+00
1.895108352633133597e+00
1.895108352633133597e+00
1.938747827058820317e+00
1.933613771244033774e+00
1.884840241003560068e+00
1.927196201475550374e+00
1.923345659614460246e+00
1.918211603799673259e+00
1.916928089845976846e+00
1.911794034031190082e+00
1.864304017744413233e+00
1.901525922401616997e+00
1.897675380540526868e+00
1.893824838679436739e+00
1.888690782864650197e+00
1.883556727049863433e+00
1.877139157281380033e+00
1.874572129373986762e+00
1.869438073559200220e+00
1.864304017744413233e+00
1.860453475883323105e+00
1.856602934022233420e+00
1.850185364253750020e+00
1.848901850300053384e+00
1.841200766577873127e+00
1.837350224716783442e+00
1.830932654948300042e+00
1.829649140994603185e+00
1.819381029365029878e+00
1.816814001457636607e+00
1.809112917735456350e+00
1.807829403781759936e+00
1.801411834013276536e+00
1.796277778198489772e+00
1.793710750291096501e+00
1.786009666568916687e+00
1.783442638661522972e+00
1.782159124707826559e+00
1.774458040985646301e+00
1.770607499124556394e+00
1.764189929356072994e+00
1.761622901448679723e+00
1.756488845633893181e+00
1.750071275865409781e+00
1.742370192143229524e+00
1.743653706096926381e+00
1.735952622374746346e+00
1.732102080513656217e+00
1.721833968884083133e+00
1.715416399115599733e+00
1.712849371208206239e+00
1.703864773532329568e+00
1.697447203763846169e+00
1.692313147949059626e+00
1.691029633995362769e+00
1.683328550273182955e+00
1.674343952597306062e+00
1.666642868875126249e+00
1.657658271199249578e+00
1.649957187477069542e+00
1.642256103754889285e+00
1.635838533986405885e+00
1.624286908403135943e+00
1.616585824680955907e+00
1.608884740958776094e+00
1.603750685143989108e+00
1.598616629329202565e+00
1.590915545607022530e+00
1.585781489792235988e+00
1.579363920023752588e+00
1.572946350255269188e+00
1.570379322347875917e+00
1.562678238625695881e+00
1.557544182810909339e+00
1.549843099088729081e+00
1.544709043273942539e+00
1.535724445598065868e+00
1.529306875829582690e+00
1.519038764200009162e+00
1.481816859542805620e+00
1.506203624663042362e+00
1.498502540940862326e+00
1.492084971172378927e+00
1.484383887450199113e+00
1.485667401403895527e+00
1.479249831635412349e+00
1.476682803728019078e+00
1.476682803728019078e+00
1.479249831635412349e+00
1.483100373496502256e+00
1.492084971172378927e+00
1.472832261866928949e+00
1.507487138616738997e+00
1.512621194431525762e+00
1.520322278153705575e+00
1.534440931644369233e+00
1.553693640949819210e+00
1.561394724671999246e+00
1.571662836301572552e+00
1.583214461884842716e+00
1.592199059560719387e+00
1.598616629329202565e+00
1.603750685143989108e+00
1.615302310727259494e+00
1.621719880495742672e+00
1.629420964217922707e+00
1.637122047940102743e+00
1.644823131662283000e+00
1.651240701430766178e+00
1.665359354921429391e+00
1.667926382828822662e+00
1.673060438643609649e+00
1.679478008412092827e+00
1.687179092134272640e+00
1.688462606087969498e+00
1.697447203763846169e+00
1.700014231671239440e+00
1.703864773532329568e+00
1.711565857254509604e+00
1.714132885161902875e+00
1.717983427022993004e+00
1.721833968884083133e+00
1.726968024698869675e+00
1.734669108421049710e+00
1.735952622374746346e+00
1.742370192143229524e+00
1.747504247958016510e+00
1.747504247958016510e+00
1.751354789819106195e+00
1.759055873541286452e+00
1.764189929356072994e+00
1.765473443309769852e+00
1.770607499124556394e+00
1.777025068893039572e+00
1.787293180522613101e+00
1.789860208430006372e+00
1.797561292152186407e+00
1.807829403781759936e+00
1.815530487503939749e+00
1.823231571226120007e+00
1.836066710763086585e+00
1.847618336346356527e+00
1.856602934022233420e+00
1.870721587512896633e+00
1.884840241003560068e+00
1.898958894494223282e+00
1.916928089845976846e+00
1.931046743336640059e+00
1.952866480549483752e+00
1.922062145660763388e+00
1.945165396827303494e+00
1.963134592179056837e+00
1.975969731716023414e+00
1.983670815438203672e+00
1.988804871252990214e+00
1.982387301484506814e+00
1.979820273577113543e+00
1.973402703808630143e+00
1.973402703808630143e+00
1.972119189854933730e+00
1.974686217762327001e+00
1.968268647993843601e+00
1.979820273577113543e+00
1.972119189854933730e+00
1.977253245669720272e+00
1.973402703808630143e+00
1.972119189854933730e+00
1.965701620086450330e+00
1.969552161947540236e+00
1.964418106132753694e+00
1.965701620086450330e+00
1.965701620086450330e+00
1.969552161947540236e+00
1.966985134040146965e+00
1.964418106132753694e+00
1.963134592179056837e+00
1.963134592179056837e+00
1.965701620086450330e+00
1.960567564271663565e+00
1.999072982882563743e+00
1.961851078225360423e+00
1.995222441021473614e+00
1.990088385206687072e+00
1.988804871252990214e+00
1.986237843345596943e+00
1.983670815438203672e+00
1.982387301484506814e+00
1.977253245669720272e+00
1.977253245669720272e+00
1.974686217762327001e+00
1.979820273577113543e+00
1.981103787530810401e+00
1.984954329391900529e+00
1.991371899160383707e+00
1.996505954975170471e+00
2.002923524743653871e+00
2.005490552651047143e+00
1.964418106132753694e+00
1.969552161947540236e+00
2.020892720095406769e+00
1.973402703808630143e+00
2.020892720095406769e+00
2.027310289863890169e+00
2.024743261956496898e+00
2.026026775910193756e+00
2.022176234049103627e+00
2.020892720095406769e+00
2.020892720095406769e+00
2.022176234049103627e+00
2.019609206141710356e+00
2.023459748002800485e+00
2.024743261956496898e+00
2.027310289863890169e+00
2.027310289863890169e+00
2.029877317771283884e+00
2.029877317771283884e+00
2.032444345678677156e+00
2.028593803817587027e+00
2.029877317771283884e+00
2.027310289863890169e+00
2.031160831724980298e+00
2.036294887539767284e+00
2.027310289863890169e+00
2.028593803817587027e+00
2.028593803817587027e+00
2.029877317771283884e+00
2.029877317771283884e+00
2.028593803817587027e+00
2.024743261956496898e+00
2.022176234049103627e+00
2.024743261956496898e+00
2.018325692188013498e+00
2.018325692188013498e+00
2.017042178234317085e+00
2.018325692188013498e+00
2.018325692188013498e+00
2.017042178234317085e+00
2.017042178234317085e+00
2.018325692188013498e+00
2.020892720095406769e+00
1.983670815438203672e+00
2.026026775910193756e+00
2.029877317771283884e+00
1.992655413114080343e+00
2.033727859632373569e+00
2.032444345678677156e+00
2.036294887539767284e+00
1.995222441021473614e+00
1.999072982882563743e+00
2.028593803817587027e+00
2.036294887539767284e+00
2.010624608465833685e+00
2.009341094512137271e+00
2.035011373586070427e+00
2.029877317771283884e+00
2.027310289863890169e+00
2.009341094512137271e+00
2.019609206141710356e+00
2.004207038697350729e+00
2.004207038697350729e+00
2.002923524743653871e+00
2.001640010789957014e+00
2.000356496836260600e+00
2.013191636373226956e+00
2.001640010789957014e+00
2.002923524743653871e+00
2.011908122419530542e+00
1.999072982882563743e+00
2.013191636373226956e+00
2.010624608465833685e+00
1.993938927067777200e+00
2.009341094512137271e+00
1.992655413114080343e+00
1.990088385206687072e+00
2.008057580558440414e+00
2.002923524743653871e+00
2.004207038697350729e+00
1.986237843345596943e+00
1.983670815438203672e+00
1.979820273577113543e+00
1.977253245669720272e+00
1.988804871252990214e+00
1.982387301484506814e+00
1.978536759623417129e+00
1.970835675901236872e+00
1.965701620086450330e+00
1.969552161947540236e+00
1.966985134040146965e+00
1.965701620086450330e+00
1.968268647993843601e+00
1.933613771244033774e+00
1.968268647993843601e+00
1.968268647993843601e+00
1.969552161947540236e+00
1.970835675901236872e+00
1.968268647993843601e+00
1.969552161947540236e+00
1.968268647993843601e+00
1.969552161947540236e+00
1.968268647993843601e+00
1.969552161947540236e+00
1.969552161947540236e+00
1.969552161947540236e+00
1.972119189854933730e+00
1.931046743336640059e+00
1.968268647993843601e+00
1.969552161947540236e+00
1.934897285197730188e+00
1.934897285197730188e+00
1.969552161947540236e+00
1.968268647993843601e+00
1.933613771244033774e+00
1.968268647993843601e+00
1.969552161947540236e+00
1.972119189854933730e+00
1.968268647993843601e+00
1.972119189854933730e+00
1.968268647993843601e+00
1.970835675901236872e+00
1.934897285197730188e+00
1.969552161947540236e+00
1.969552161947540236e+00
1.969552161947540236e+00
1.970835675901236872e+00
1.972119189854933730e+00
1.933613771244033774e+00
1.969552161947540236e+00
1.969552161947540236e+00
1.933613771244033774e+00
1.968268647993843601e+00
1.969552161947540236e+00
1.969552161947540236e+00
1.968268647993843601e+00
1.970835675901236872e+00
1.968268647993843601e+00
1.968268647993843601e+00
1.934897285197730188e+00
1.968268647993843601e+00
1.969552161947540236e+00
1.969552161947540236e+00
1.969552161947540236e+00
1.968268647993843601e+00
1.970835675901236872e+00
1.934897285197730188e+00
1.970835675901236872e+00
1.969552161947540236e+00
1.968268647993843601e+00
1.969552161947540236e+00
1.968268647993843601e+00
1.970835675901236872e+00
1.968268647993843601e+00
1.968268647993843601e+00
1.966985134040146965e+00
1.969552161947540236e+00
1.968268647993843601e+00
1.970835675901236872e+00
1.970835675901236872e+00
1.969552161947540236e+00
1.968268647993843601e+00
1.968268647993843601e+00
1.969552161947540236e+00
1.972119189854933730e+00
1.968268647993843601e+00
1.972119189854933730e+00
1.933613771244033774e+00
1.968268647993843601e+00
1.969552161947540236e+00
1.969552161947540236e+00
1.969552161947540236e+00
1.968268647993843601e+00
1.973402703808630143e+00
1.966985134040146965e+00
1.968268647993843601e+00
1.969552161947540236e+00
1.972119189854933730e+00
1.970835675901236872e+00
1.970835675901236872e+00
1.970835675901236872e+00
1.933613771244033774e+00
1.968268647993843601e+00
1.969552161947540236e+00
1.966985134040146965e+00
1.933613771244033774e+00
1.933613771244033774e+00
1.969552161947540236e+00
1.933613771244033774e+00
1.970835675901236872e+00
1.969552161947540236e+00
1.972119189854933730e+00
1.933613771244033774e+00
1.969552161947540236e+00
1.972119189854933730e+00
1.933613771244033774e+00
1.973402703808630143e+00
1.933613771244033774e+00
1.970835675901236872e+00
1.970835675901236872e+00
1.933613771244033774e+00
1.968268647993843601e+00
1.933613771244033774e+00
1.932330257290336917e+00
1.968268647993843601e+00
1.970835675901236872e+00
1.933613771244033774e+00
1.969552161947540236e+00
1.933613771244033774e+00
1.969552161947540236e+00
1.972119189854933730e+00
1.969552161947540236e+00
1.969552161947540236e+00
1.969552161947540236e+00
1.969552161947540236e+00
1.968268647993843601e+00
1.969552161947540236e+00
1.968268647993843601e+00
1.969552161947540236e+00
1.969552161947540236e+00
1.969552161947540236e+00
1.970835675901236872e+00
1.968268647993843601e+00
1.972119189854933730e+00
1.969552161947540236e+00
1.933613771244033774e+00
1.933613771244033774e+00
1.968268647993843601e+00
1.968268647993843601e+00
1.969552161947540236e+00
1.969552161947540236e+00
1.969552161947540236e+00
1.931046743336640059e+00
1.969552161947540236e+00
1.968268647993843601e+00
1.933613771244033774e+00
1.970835675901236872e+00
1.968268647993843601e+00
1.933613771244033774e+00
1.931046743336640059e+00
1.968268647993843601e+00
1.968268647993843601e+00
1.968268647993843601e+00
1.968268647993843601e+00
1.968268647993843601e+00
1.972119189854933730e+00
1.969552161947540236e+00
1.933613771244033774e+00
1.968268647993843601e+00
1.933613771244033774e+00
1.968268647993843601e+00
1.969552161947540236e+00
1.969552161947540236e+00
1.969552161947540236e+00
1.933613771244033774e+00
1.969552161947540236e+00
1.968268647993843601e+00
1.968268647993843601e+00
1.970835675901236872e+00
1.969552161947540236e+00
1.970835675901236872e+00
1.968268647993843601e+00
1.970835675901236872e+00
1.970835675901236872e+00
1.969552161947540236e+00
1.969552161947540236e+00
1.970835675901236872e+00
1.970835675901236872e+00
1.968268647993843601e+00
1.970835675901236872e+00
1.970835675901236872e+00
1.969552161947540236e+00
1.970835675901236872e+00
1.968268647993843601e+00
1.969552161947540236e+00
1.969552161947540236e+00
1.968268647993843601e+00
1.968268647993843601e+00
1.968268647993843601e+00
1.969552161947540236e+00
1.968268647993843601e+00
1.969552161947540236e+00
1.968268647993843601e+00
1.968268647993843601e+00
1.972119189854933730e+00
1.968268647993843601e+00
1.969552161947540236e+00
1.972119189854933730e+00
1.968268647993843601e+00
1.968268647993843601e+00
1.933613771244033774e+00
1.972119189854933730e+00
1.972119189854933730e+00
1.932330257290336917e+00
1.972119189854933730e+00
1.968268647993843601e+00
1.972119189854933730e+00
1.972119189854933730e+00
1.969552161947540236e+00
1.970835675901236872e+00
1.973402703808630143e+00
1.970835675901236872e+00
1.972119189854933730e+00
1.968268647993843601e+00
1.933613771244033774e+00
1.970835675901236872e+00
1.933613771244033774e+00
1.972119189854933730e+00
1.972119189854933730e+00
1.969552161947540236e+00
1.968268647993843601e+00
1.969552161947540236e+00
1.968268647993843601e+00
1.968268647993843601e+00
1.969552161947540236e+00
1.970835675901236872e+00
1.969552161947540236e+00
1.969552161947540236e+00
1.933613771244033774e+00
1.969552161947540236e+00
1.969552161947540236e+00
1.969552161947540236e+00
1.969552161947540236e+00
1.969552161947540236e+00
1.970835675901236872e+00
1.970835675901236872e+00
1.968268647993843601e+00
1.970835675901236872e+00
1.968268647993843601e+00
1.969552161947540236e+00
1.931046743336640059e+00
1.969552161947540236e+00
1.968268647993843601e+00
1.972119189854933730e+00
1.972119189854933730e+00
1.974686217762327001e+00
1.972119189854933730e+00
1.969552161947540236e+00
1.968268647993843601e+00
1.970835675901236872e+00
1.975969731716023414e+00
1.974686217762327001e+00
1.969552161947540236e+00
1.968268647993843601e+00
1.932330257290336917e+00
1.968268647993843601e+00
1.927196201475550374e+00
1.960567564271663565e+00
1.924629173568156659e+00
1.924629173568156659e+00
