1.668313953488372192e+00
1.668313953488372192e+00
1.668313953488372192e+00
1.670058139534883690e+00
1.670058139534883690e+00
1.668313953488372192e+00
1.668313953488372192e+00
1.670058139534883690e+00
1.668313953488372192e+00
1.668313953488372192e+00
1.668313953488372192e+00
1.666569767441860472e+00
1.670058139534883690e+00
1.668313953488372192e+00
1.668313953488372192e+00
1.668313953488372192e+00
1.668313953488372192e+00
1.670058139534883690e+00
1.671802325581395410e+00
1.668313953488372192e+00
1.666569767441860472e+00
1.670058139534883690e+00
1.668313953488372192e+00
1.668313953488372192e+00
1.668313953488372192e+00
1.671802325581395410e+00
1.668313953488372192e+00
1.666569767441860472e+00
1.668313953488372192e+00
1.668313953488372192e+00
1.671802325581395410e+00
1.671802325581395410e+00
1.671802325581395410e+00
1.671802325581395410e+00
1.668313953488372192e+00
1.668313953488372192e+00
1.668313953488372192e+00
1.668313953488372192e+00
1.668313953488372192e+00
1.671802325581395410e+00
1.668313953488372192e+00
1.670058139534883690e+00
1.668313953488372192e+00
1.668313953488372192e+00
1.668313953488372192e+00
1.668313953488372192e+00
1.668313953488372192e+00
1.666569767441860472e+00
1.671802325581395410e+00
1.668313953488372192e+00
1.668313953488372192e+00
1.668313953488372192e+00
1.668313953488372192e+00
1.668313953488372192e+00
1.668313953488372192e+00
1.666569767441860472e+00
1.668313953488372192e+00
1.668313953488372192e+00
1.666569767441860472e+00
1.668313953488372192e+00
1.664825581395348975e+00
1.668313953488372192e+00
1.671802325581395410e+00
1.664825581395348975e+00
1.670058139534883690e+00
1.664825581395348975e+00
1.668313953488372192e+00
1.670058139534883690e+00
1.668313953488372192e+00
1.668313953488372192e+00
1.668313953488372192e+00
1.670058139534883690e+00
1.668313953488372192e+00
1.666569767441860472e+00
1.671802325581395410e+00
1.666569767441860472e+00
1.666569767441860472e+00
1.671802325581395410e+00
1.668313953488372192e+00
1.668313953488372192e+00
1.668313953488372192e+00
1.668313953488372192e+00
1.666569767441860472e+00
1.668313953488372192e+00
1.668313953488372192e+00
1.666569767441860472e+00
1.671802325581395410e+00
1.671802325581395410e+00
1.670058139534883690e+00
1.664825581395348975e+00
1.668313953488372192e+00
1.668313953488372192e+00
1.670058139534883690e+00
1.668313953488372192e+00
1.666569767441860472e+00
1.668313953488372192e+00
1.670058139534883690e+00
1.671802325581395410e+00
1.670058139534883690e+00
1.670058139534883690e+00
1.670058139534883690e+00
1.668313953488372192e+00
1.670058139534883690e+00
1.668313953488372192e+00
1.670058139534883690e+00
1.671802325581395410e+00
1.671802325581395410e+00
1.670058139534883690e+00
1.670058139534883690e+00
1.668313953488372192e+00
1.670058139534883690e+00
1.671802325581395410e+00
1.668313953488372192e+00
1.668313953488372192e+00
1.670058139534883690e+00
1.670058139534883690e+00
1.670058139534883690e+00
1.668313953488372192e+00
1.670058139534883690e+00
1.670058139534883690e+00
1.670058139534883690e+00
1.670058139534883690e+00
1.670058139534883690e+00
1.670058139534883690e+00
1.668313953488372192e+00
1.670058139534883690e+00
1.670058139534883690e+00
1.670058139534883690e+00
1.670058139534883690e+00
1.668313953488372192e+00
1.668313953488372192e+00
1.670058139534883690e+00
1.668313953488372192e+00
1.668313953488372192e+00
1.668313953488372192e+00
1.671802325581395410e+00
1.668313953488372192e+00
1.668313953488372192e+00
1.670058139534883690e+00
1.668313953488372192e+00
1.668313953488372192e+00
1.668313953488372192e+00
1.668313953488372192e+00
1.670058139534883690e+00
1.668313953488372192e+00
1.670058139534883690e+00
1.668313953488372192e+00
1.670058139534883690e+00
1.666569767441860472e+00
1.666569767441860472e+00
1.670058139534883690e+00
1.671802325581395410e+00
1.670058139534883690e+00
1.671802325581395410e+00
1.668313953488372192e+00
1.668313953488372192e+00
1.668313953488372192e+00
1.670058139534883690e+00
1.670058139534883690e+00
1.670058139534883690e+00
1.668313953488372192e+00
1.670058139534883690e+00
1.670058139534883690e+00
1.670058139534883690e+00
1.668313953488372192e+00
1.668313953488372192e+00
1.666569767441860472e+00
1.671802325581395410e+00
1.670058139534883690e+00
1.668313953488372192e+00
1.671802325581395410e+00
1.670058139534883690e+00
1.668313953488372192e+00
1.668313953488372192e+00
1.670058139534883690e+00
1.670058139534883690e+00
1.670058139534883690e+00
1.670058139534883690e+00
1.666569767441860472e+00
1.670058139534883690e+00
1.670058139534883690e+00
1.668313953488372192e+00
1.670058139534883690e+00
1.670058139534883690e+00
1.670058139534883690e+00
1.670058139534883690e+00
1.670058139534883690e+00
1.668313953488372192e+00
1.670058139534883690e+00
1.670058139534883690e+00
1.668313953488372192e+00
1.670058139534883690e+00
1.668313953488372192e+00
1.670058139534883690e+00
1.670058139534883690e+00
1.668313953488372192e+00
1.670058139534883690e+00
1.668313953488372192e+00
1.670058139534883690e+00
1.670058139534883690e+00
1.668313953488372192e+00
1.666569767441860472e+00
1.668313953488372192e+00
1.670058139534883690e+00
1.670058139534883690e+00
1.670058139534883690e+00
1.668313953488372192e+00
1.668313953488372192e+00
1.668313953488372192e+00
1.671802325581395410e+00
1.671802325581395410e+00
1.670058139534883690e+00
1.668313953488372192e+00
1.671802325581395410e+00
1.671802325581395410e+00
1.668313953488372192e+00
1.668313953488372192e+00
1.671802325581395410e+00
1.670058139534883690e+00
1.670058139534883690e+00
1.670058139534883690e+00
1.670058139534883690e+00
1.670058139534883690e+00
1.670058139534883690e+00
1.671802325581395410e+00
1.670058139534883690e+00
1.670058139534883690e+00
1.677034883720930347e+00
1.671802325581395410e+00
1.671802325581395410e+00
1.671802325581395410e+00
1.671802325581395410e+00
1.671802325581395410e+00
1.670058139534883690e+00
1.671802325581395410e+00
1.670058139534883690e+00
1.671802325581395410e+00
1.671802325581395410e+00
1.670058139534883690e+00
1.670058139534883690e+00
1.671802325581395410e+00
1.670058139534883690e+00
1.671802325581395410e+00
1.670058139534883690e+00
1.670058139534883690e+00
1.671802325581395410e+00
1.668313953488372192e+00
1.671802325581395410e+00
1.670058139534883690e+00
1.668313953488372192e+00
1.668313953488372192e+00
1.668313953488372192e+00
1.668313953488372192e+00
1.668313953488372192e+00
1.668313953488372192e+00
1.670058139534883690e+00
1.666569767441860472e+00
1.668313953488372192e+00
1.668313953488372192e+00
1.668313953488372192e+00
1.668313953488372192e+00
1.670058139534883690e+00
1.670058139534883690e+00
1.668313953488372192e+00
1.670058139534883690e+00
1.671802325581395410e+00
1.670058139534883690e+00
1.670058139534883690e+00
1.668313953488372192e+00
1.670058139534883690e+00
1.670058139534883690e+00
1.668313953488372192e+00
1.673546511627907130e+00
1.671802325581395410e+00
1.671802325581395410e+00
1.670058139534883690e+00
1.673546511627907130e+00
1.673546511627907130e+00
1.673546511627907130e+00
1.671802325581395410e+00
1.671802325581395410e+00
1.675290697674418627e+00
1.673546511627907130e+00
1.673546511627907130e+00
1.671802325581395410e+00
1.664825581395348975e+00
1.675290697674418627e+00
1.670058139534883690e+00
1.673546511627907130e+00
1.673546511627907130e+00
1.670058139534883690e+00
1.673546511627907130e+00
1.673546511627907130e+00
1.673546511627907130e+00
1.673546511627907130e+00
1.671802325581395410e+00
1.673546511627907130e+00
1.673546511627907130e+00
1.673546511627907130e+00
1.673546511627907130e+00
1.671802325581395410e+00
1.673546511627907130e+00
1.673546511627907130e+00
1.675290697674418627e+00
1.666569767441860472e+00
1.673546511627907130e+00
1.673546511627907130e+00
1.675290697674418627e+00
1.673546511627907130e+00
1.673546511627907130e+00
1.673546511627907130e+00
1.671802325581395410e+00
1.673546511627907130e+00
1.673546511627907130e+00
1.673546511627907130e+00
1.673546511627907130e+00
1.675290697674418627e+00
1.671802325581395410e+00
1.673546511627907130e+00
1.675290697674418627e+00
1.671802325581395410e+00
1.670058139534883690e+00
1.675290697674418627e+00
1.673546511627907130e+00
1.671802325581395410e+00
1.671802325581395410e+00
1.675290697674418627e+00
1.673546511627907130e+00
1.675290697674418627e+00
1.675290697674418627e+00
1.671802325581395410e+00
1.675290697674418627e+00
1.673546511627907130e+00
1.675290697674418627e+00
1.673546511627907130e+00
1.673546511627907130e+00
1.675290697674418627e+00
1.671802325581395410e+00
1.673546511627907130e+00
1.673546511627907130e+00
1.673546511627907130e+00
1.673546511627907130e+00
1.673546511627907130e+00
1.671802325581395410e+00
1.675290697674418627e+00
1.671802325581395410e+00
1.673546511627907130e+00
1.671802325581395410e+00
1.675290697674418627e+00
1.671802325581395410e+00
1.673546511627907130e+00
1.673546511627907130e+00
1.673546511627907130e+00
1.671802325581395410e+00
1.671802325581395410e+00
1.673546511627907130e+00
1.673546511627907130e+00
1.675290697674418627e+00
1.673546511627907130e+00
1.675290697674418627e+00
1.675290697674418627e+00
1.675290697674418627e+00
1.671802325581395410e+00
1.671802325581395410e+00
1.673546511627907130e+00
1.671802325581395410e+00
1.671802325581395410e+00
1.673546511627907130e+00
1.675290697674418627e+00
1.671802325581395410e+00
1.670058139534883690e+00
1.673546511627907130e+00
1.671802325581395410e+00
1.673546511627907130e+00
1.671802325581395410e+00
1.673546511627907130e+00
1.671802325581395410e+00
1.675290697674418627e+00
1.673546511627907130e+00
1.671802325581395410e+00
1.670058139534883690e+00
1.671802325581395410e+00
1.668313953488372192e+00
1.673546511627907130e+00
1.673546511627907130e+00
1.673546511627907130e+00
1.671802325581395410e+00
1.673546511627907130e+00
1.675290697674418627e+00
1.678779069767441845e+00
1.678779069767441845e+00
1.682267441860465285e+00
1.687500000000000000e+00
1.689244186046511498e+00
1.697965116279069653e+00
1.710174418604651247e+00
1.720639534883720900e+00
1.729360465116279055e+00
1.743313953488372148e+00
1.762500000000000178e+00
1.774709302325581328e+00
1.785174418604651203e+00
1.818313953488372103e+00
1.832267441860465196e+00
1.853197674418604723e+00
1.867151162790697816e+00
1.895058139534883779e+00
1.910755813953488369e+00
1.940406976744186052e+00
1.956104651162790642e+00
1.978779069767441889e+00
2.003197674418604635e+00
2.024127906976744384e+00
2.046802325581395632e+00
2.072965116279069875e+00
2.088662790697674243e+00
2.109593023255813993e+00
2.128779069767441801e+00
2.154941860465116488e+00
2.167151162790697860e+00
2.182848837209302673e+00
2.205523255813953476e+00
2.219476744186046346e+00
2.228197674418604723e+00
2.240406976744186096e+00
2.250872093023255971e+00
2.259593023255813904e+00
2.264825581395348841e+00
2.273546511627907218e+00
2.280523255813953654e+00
2.271802325581395277e+00
2.270058139534883779e+00
2.268313953488372281e+00
2.266569767441860339e+00
2.263081395348837344e+00
2.270058139534883779e+00
2.264825581395348841e+00
2.264825581395348841e+00
2.264825581395348841e+00
2.264825581395348841e+00
2.264825581395348841e+00
2.268313953488372281e+00
2.270058139534883779e+00
2.259593023255813904e+00
2.264825581395348841e+00
2.259593023255813904e+00
2.261337209302325846e+00
2.261337209302325846e+00
2.263081395348837344e+00
2.266569767441860339e+00
2.270058139534883779e+00
2.266569767441860339e+00
2.264825581395348841e+00
2.259593023255813904e+00
2.256104651162790908e+00
2.257848837209302406e+00
2.254360465116278966e+00
2.259593023255813904e+00
2.254360465116278966e+00
2.256104651162790908e+00
2.259593023255813904e+00
2.259593023255813904e+00
2.252616279069767913e+00
2.254360465116278966e+00
2.249127906976744029e+00
2.252616279069767913e+00
2.250872093023255971e+00
2.243895348837209536e+00
2.240406976744186096e+00
2.245639534883721034e+00
2.238662790697674598e+00
2.233430232558139661e+00
2.231686046511627719e+00
2.224709302325581284e+00
2.224709302325581284e+00
2.224709302325581284e+00
2.217732558139535293e+00
2.215988372093023351e+00
2.212500000000000355e+00
2.210755813953488413e+00
2.205523255813953476e+00
2.202034883720930036e+00
2.198546511627907041e+00
2.195058139534884045e+00
2.191569767441860606e+00
2.188081395348837166e+00
2.188081395348837166e+00
2.181104651162790731e+00
2.179360465116278789e+00
2.177616279069767735e+00
2.172383720930232798e+00
2.170639534883720856e+00
2.168895348837209358e+00
2.160174418604651425e+00
2.158430232558139483e+00
2.154941860465116488e+00
2.149709302325581550e+00
2.147965116279070052e+00
2.144476744186046613e+00
2.139244186046511675e+00
2.135755813953488236e+00
2.135755813953488236e+00
2.130523255813953742e+00
2.127034883720930303e+00
2.125290697674418805e+00
2.121802325581395809e+00
2.120058139534883868e+00
2.118313953488371926e+00
2.116569767441860428e+00
2.109593023255813993e+00
2.107848837209302495e+00
2.104360465116279499e+00
2.100872093023255616e+00
2.095639534883721122e+00
2.093895348837209180e+00
2.090406976744186185e+00
2.085174418604651247e+00
2.083430232558139306e+00
2.076453488372093314e+00
2.076453488372093314e+00
2.072965116279069875e+00
2.071220930232557933e+00
2.067732558139534937e+00
2.069476744186046879e+00
2.062500000000000000e+00
2.059011627906977004e+00
2.055523255813953565e+00
2.055523255813953565e+00
2.052034883720930569e+00
2.052034883720930569e+00
2.052034883720930569e+00
2.048546511627906686e+00
2.048546511627906686e+00
2.045058139534883690e+00
2.045058139534883690e+00
2.043313953488372192e+00
2.039825581395348753e+00
2.036337209302325757e+00
2.036337209302325757e+00
2.032848837209302317e+00
2.029360465116279322e+00
2.027616279069767380e+00
2.025872093023255882e+00
2.020639534883720945e+00
2.020639534883720945e+00
2.015406976744186007e+00
2.011918604651163012e+00
2.010174418604651070e+00
2.010174418604651070e+00
1.999709302325581639e+00
2.001453488372093137e+00
1.994476744186046702e+00
1.990988372093023484e+00
1.984011627906976827e+00
1.978779069767441889e+00
1.977034883720930170e+00
1.971802325581395454e+00
1.968313953488372015e+00
1.959593023255813860e+00
1.957848837209302362e+00
1.952616279069767646e+00
1.947383720930232709e+00
1.945639534883720989e+00
1.933430232558139394e+00
1.931686046511627897e+00
1.929941860465116399e+00
1.926453488372093181e+00
1.921220930232558244e+00
1.914244186046511587e+00
1.903779069767441934e+00
1.907267441860465151e+00
1.898546511627906996e+00
1.893313953488372281e+00
1.889825581395348841e+00
1.881104651162790686e+00
1.877616279069767469e+00
1.877616279069767469e+00
1.872383720930232531e+00
1.863662790697674376e+00
1.861918604651162878e+00
1.856686046511627941e+00
1.853197674418604723e+00
1.849709302325581506e+00
1.842732558139534849e+00
1.837499999999999911e+00
1.832267441860465196e+00
1.823546511627907041e+00
1.818313953488372103e+00
1.813081395348837388e+00
1.809593023255813948e+00
1.807848837209302451e+00
1.800872093023255793e+00
1.795639534883721078e+00
1.792151162790697638e+00
1.786918604651162923e+00
1.783430232558139483e+00
1.781686046511627985e+00
1.776453488372093048e+00
1.779941860465116266e+00
1.771220930232558333e+00
1.769476744186046613e+00
1.765988372093023173e+00
1.767732558139534893e+00
1.762500000000000178e+00
1.757267441860465018e+00
1.759011627906976738e+00
1.746802325581395365e+00
1.743313953488372148e+00
1.741569767441860428e+00
1.738081395348837210e+00
1.734593023255813993e+00
1.732848837209302273e+00
1.729360465116279055e+00
1.727616279069767558e+00
1.727616279069767558e+00
1.724127906976744118e+00
1.720639534883720900e+00
1.713662790697674465e+00
1.713662790697674465e+00
1.715406976744185963e+00
1.710174418604651247e+00
1.708430232558139750e+00
1.706686046511627808e+00
1.704941860465116310e+00
1.711918604651162745e+00
1.704941860465116310e+00
1.703197674418604590e+00
1.704941860465116310e+00
1.697965116279069653e+00
1.697965116279069653e+00
1.697965116279069653e+00
1.697965116279069653e+00
1.694476744186046657e+00
1.692732558139534937e+00
1.692732558139534937e+00
1.685755813953488502e+00
1.689244186046511498e+00
1.689244186046511498e+00
1.689244186046511498e+00
1.689244186046511498e+00
1.694476744186046657e+00
1.689244186046511498e+00
1.687500000000000000e+00
1.684011627906976782e+00
1.685755813953488502e+00
1.687500000000000000e+00
1.684011627906976782e+00
1.684011627906976782e+00
1.684011627906976782e+00
1.682267441860465285e+00
1.682267441860465285e+00
1.680523255813953343e+00
1.682267441860465285e+00
1.682267441860465285e+00
1.682267441860465285e+00
1.682267441860465285e+00
1.682267441860465285e+00
1.682267441860465285e+00
1.680523255813953343e+00
1.680523255813953343e+00
1.680523255813953343e+00
1.680523255813953343e+00
1.677034883720930347e+00
1.680523255813953343e+00
1.680523255813953343e+00
1.682267441860465285e+00
1.680523255813953343e+00
1.682267441860465285e+00
1.682267441860465285e+00
1.684011627906976782e+00
1.684011627906976782e+00
1.685755813953488502e+00
1.689244186046511498e+00
1.689244186046511498e+00
1.690988372093023440e+00
1.697965116279069653e+00
1.710174418604651247e+00
1.718895348837209403e+00
1.729360465116279055e+00
1.739825581395348930e+00
1.757267441860465018e+00
1.765988372093023173e+00
1.778197674418604768e+00
1.799127906976744296e+00
1.813081395348837388e+00
1.825290697674418539e+00
1.837499999999999911e+00
1.865406976744186096e+00
1.879360465116278966e+00
1.900290697674418716e+00
1.915988372093023306e+00
1.940406976744186052e+00
1.961337209302325801e+00
1.980523255813953609e+00
2.010174418604651070e+00
2.020639534883720945e+00
2.039825581395348753e+00
2.067732558139534937e+00
2.086918604651163189e+00
2.102616279069767558e+00
2.118313953488371926e+00
2.135755813953488236e+00
2.151453488372093048e+00
2.174127906976744296e+00
2.182848837209302673e+00
2.200290697674418983e+00
2.210755813953488413e+00
2.226453488372093226e+00
2.236918604651162656e+00
2.249127906976744029e+00
2.252616279069767913e+00
2.261337209302325846e+00
2.266569767441860339e+00
2.270058139534883779e+00
2.278779069767442156e+00
2.275290697674418716e+00
2.278779069767442156e+00
2.271802325581395277e+00
2.270058139534883779e+00
2.266569767441860339e+00
2.266569767441860339e+00
2.263081395348837344e+00
2.263081395348837344e+00
2.263081395348837344e+00
2.266569767441860339e+00
2.266569767441860339e+00
2.268313953488372281e+00
2.268313953488372281e+00
2.264825581395348841e+00
2.264825581395348841e+00
2.261337209302325846e+00
2.271802325581395277e+00
2.271802325581395277e+00
2.266569767441860339e+00
2.273546511627907218e+00
2.266569767441860339e+00
2.266569767441860339e+00
2.257848837209302406e+00
2.254360465116278966e+00
2.254360465116278966e+00
2.257848837209302406e+00
2.254360465116278966e+00
2.261337209302325846e+00
2.254360465116278966e+00
2.254360465116278966e+00
2.254360465116278966e+00
2.256104651162790908e+00
2.250872093023255971e+00
2.250872093023255971e+00
2.252616279069767913e+00
2.250872093023255971e+00
2.256104651162790908e+00
2.252616279069767913e+00
2.250872093023255971e+00
2.254360465116278966e+00
2.249127906976744029e+00
2.252616279069767913e+00
2.247383720930232531e+00
2.247383720930232531e+00
2.249127906976744029e+00
2.247383720930232531e+00
2.242151162790697594e+00
2.243895348837209536e+00
2.240406976744186096e+00
2.242151162790697594e+00
2.242151162790697594e+00
2.233430232558139661e+00
2.228197674418604723e+00
2.231686046511627719e+00
2.226453488372093226e+00
2.221220930232558288e+00
2.217732558139535293e+00
2.215988372093023351e+00
2.212500000000000355e+00
2.210755813953488413e+00
2.207267441860465418e+00
2.205523255813953476e+00
2.202034883720930036e+00
2.198546511627907041e+00
2.198546511627907041e+00
2.195058139534884045e+00
2.193313953488372103e+00
2.189825581395349108e+00
2.189825581395349108e+00
2.184593023255814170e+00
2.182848837209302673e+00
2.182848837209302673e+00
2.179360465116278789e+00
2.175872093023255793e+00
2.175872093023255793e+00
2.168895348837209358e+00
2.167151162790697860e+00
2.165406976744186363e+00
2.160174418604651425e+00
2.156686046511627985e+00
2.154941860465116488e+00
2.147965116279070052e+00
2.142732558139535115e+00
2.139244186046511675e+00
2.137500000000000178e+00
2.135755813953488236e+00
2.132267441860465240e+00
2.128779069767441801e+00
2.125290697674418805e+00
2.125290697674418805e+00
2.116569767441860428e+00
2.116569767441860428e+00
2.114825581395348930e+00
2.111337209302325491e+00
2.107848837209302495e+00
2.104360465116279499e+00
2.104360465116279499e+00
2.100872093023255616e+00
2.099127906976744562e+00
2.097383720930232620e+00
2.093895348837209180e+00
2.092151162790697683e+00
2.090406976744186185e+00
2.083430232558139306e+00
2.081686046511628252e+00
2.079941860465116310e+00
2.076453488372093314e+00
2.072965116279069875e+00
2.069476744186046879e+00
2.067732558139534937e+00
2.069476744186046879e+00
2.062500000000000000e+00
2.064244186046511942e+00
2.059011627906977004e+00
2.057267441860465063e+00
2.053779069767442067e+00
2.052034883720930569e+00
2.050290697674418627e+00
2.046802325581395632e+00
2.045058139534883690e+00
2.041569767441860694e+00
2.038081395348837255e+00
2.032848837209302317e+00
2.031104651162790820e+00
2.032848837209302317e+00
2.025872093023255882e+00
2.024127906976744384e+00
2.020639534883720945e+00
2.017151162790697949e+00
2.017151162790697949e+00
2.008430232558140016e+00
2.006686046511628074e+00
2.001453488372093137e+00
2.001453488372093137e+00
1.996220930232557977e+00
1.990988372093023484e+00
1.987499999999999822e+00
1.984011627906976827e+00
1.982267441860465107e+00
1.978779069767441889e+00
1.977034883720930170e+00
1.970058139534883956e+00
1.964825581395348797e+00
1.963081395348837299e+00
1.961337209302325801e+00
1.952616279069767646e+00
1.954360465116279144e+00
1.949127906976744207e+00
1.945639534883720989e+00
1.940406976744186052e+00
1.940406976744186052e+00
1.933430232558139394e+00
1.928197674418604679e+00
1.928197674418604679e+00
1.922965116279069742e+00
1.919476744186046524e+00
1.917732558139535026e+00
1.912500000000000089e+00
1.909011627906976871e+00
1.905523255813953432e+00
1.900290697674418716e+00
1.896802325581395277e+00
1.898546511627906996e+00
1.893313953488372281e+00
1.889825581395348841e+00
1.888081395348837122e+00
1.882848837209302406e+00
1.879360465116278966e+00
1.874127906976744251e+00
1.872383720930232531e+00
1.872383720930232531e+00
1.865406976744186096e+00
1.860174418604651159e+00
1.858430232558139661e+00
1.853197674418604723e+00
1.849709302325581506e+00
1.844476744186046568e+00
1.840988372093023351e+00
1.839244186046511853e+00
1.835755813953488413e+00
1.828779069767441756e+00
1.827034883720930258e+00
1.823546511627907041e+00
1.821802325581395543e+00
1.821802325581395543e+00
1.818313953488372103e+00
1.811337209302325446e+00
1.811337209302325446e+00
1.806104651162790731e+00
1.800872093023255793e+00
1.799127906976744296e+00
1.797383720930232576e+00
1.792151162790697638e+00
1.788662790697674421e+00
1.785174418604651203e+00
1.783430232558139483e+00
1.779941860465116266e+00
1.776453488372093048e+00
1.771220930232558333e+00
1.767732558139534893e+00
1.765988372093023173e+00
1.762500000000000178e+00
1.759011627906976738e+00
1.755523255813953520e+00
1.752034883720930303e+00
1.748546511627907085e+00
1.750290697674418583e+00
1.741569767441860428e+00
1.738081395348837210e+00
1.743313953488372148e+00
1.739825581395348930e+00
1.736337209302325713e+00
1.729360465116279055e+00
1.720639534883720900e+00
1.720639534883720900e+00
1.720639534883720900e+00
1.711918604651162745e+00
1.720639534883720900e+00
1.713662790697674465e+00
1.710174418604651247e+00
1.708430232558139750e+00
1.706686046511627808e+00
1.706686046511627808e+00
1.704941860465116310e+00
1.703197674418604590e+00
1.704941860465116310e+00
1.699709302325581595e+00
1.699709302325581595e+00
1.690988372093023440e+00
1.703197674418604590e+00
1.699709302325581595e+00
1.694476744186046657e+00
1.697965116279069653e+00
1.697965116279069653e+00
1.696220930232558155e+00
1.696220930232558155e+00
1.696220930232558155e+00
1.694476744186046657e+00
1.692732558139534937e+00
1.694476744186046657e+00
1.694476744186046657e+00
1.692732558139534937e+00
1.694476744186046657e+00
1.687500000000000000e+00
1.696220930232558155e+00
1.692732558139534937e+00
1.692732558139534937e+00
1.690988372093023440e+00
1.694476744186046657e+00
1.694476744186046657e+00
1.696220930232558155e+00
1.704941860465116310e+00
1.706686046511627808e+00
1.706686046511627808e+00
1.711918604651162745e+00
1.720639534883720900e+00
1.729360465116279055e+00
1.736337209302325713e+00
1.753779069767442023e+00
1.774709302325581328e+00
1.783430232558139483e+00
1.804360465116279233e+00
1.823546511627907041e+00
1.840988372093023351e+00
1.860174418604651159e+00
1.882848837209302406e+00
1.912500000000000089e+00
1.929941860465116399e+00
1.954360465116279144e+00
1.978779069767441889e+00
2.004941860465116132e+00
2.029360465116279322e+00
2.055523255813953565e+00
2.074709302325581373e+00
2.100872093023255616e+00
2.125290697674418805e+00
2.139244186046511675e+00
2.158430232558139483e+00
2.179360465116278789e+00
2.193313953488372103e+00
2.209011627906976916e+00
2.222965116279069786e+00
2.233430232558139661e+00
2.243895348837209536e+00
2.256104651162790908e+00
2.259593023255813904e+00
2.254360465116278966e+00
2.254360465116278966e+00
2.250872093023255971e+00
2.250872093023255971e+00
2.249127906976744029e+00
2.250872093023255971e+00
2.254360465116278966e+00
2.247383720930232531e+00
2.247383720930232531e+00
2.249127906976744029e+00
2.247383720930232531e+00
2.247383720930232531e+00
2.245639534883721034e+00
2.245639534883721034e+00
2.243895348837209536e+00
2.243895348837209536e+00
2.245639534883721034e+00
2.243895348837209536e+00
2.243895348837209536e+00
2.249127906976744029e+00
2.245639534883721034e+00
2.243895348837209536e+00
2.250872093023255971e+00
2.245639534883721034e+00
2.242151162790697594e+00
2.243895348837209536e+00
2.245639534883721034e+00
2.243895348837209536e+00
2.245639534883721034e+00
2.243895348837209536e+00
2.242151162790697594e+00
2.242151162790697594e+00
2.242151162790697594e+00
2.245639534883721034e+00
2.243895348837209536e+00
2.238662790697674598e+00
2.236918604651162656e+00
2.242151162790697594e+00
2.238662790697674598e+00
2.238662790697674598e+00
2.229941860465116665e+00
2.228197674418604723e+00
2.226453488372093226e+00
2.224709302325581284e+00
2.222965116279069786e+00
2.222965116279069786e+00
2.219476744186046346e+00
2.217732558139535293e+00
2.214244186046511409e+00
2.210755813953488413e+00
2.207267441860465418e+00
2.203779069767441978e+00
2.205523255813953476e+00
2.200290697674418983e+00
2.195058139534884045e+00
2.191569767441860606e+00
2.188081395348837166e+00
2.186337209302325668e+00
2.182848837209302673e+00
2.182848837209302673e+00
2.177616279069767735e+00
2.174127906976744296e+00
2.174127906976744296e+00
2.167151162790697860e+00
2.163662790697674421e+00
2.163662790697674421e+00
2.158430232558139483e+00
2.156686046511627985e+00
2.151453488372093048e+00
2.149709302325581550e+00
2.144476744186046613e+00
2.144476744186046613e+00
2.140988372093023173e+00
2.135755813953488236e+00
2.132267441860465240e+00
2.128779069767441801e+00
2.128779069767441801e+00
2.123546511627906863e+00
2.121802325581395809e+00
2.114825581395348930e+00
2.114825581395348930e+00
2.111337209302325491e+00
2.107848837209302495e+00
2.102616279069767558e+00
2.099127906976744562e+00
2.095639534883721122e+00
2.090406976744186185e+00
2.090406976744186185e+00
2.090406976744186185e+00
2.085174418604651247e+00
2.085174418604651247e+00
2.079941860465116310e+00
2.072965116279069875e+00
2.071220930232557933e+00
2.067732558139534937e+00
2.064244186046511942e+00
2.060755813953488502e+00
2.059011627906977004e+00
2.053779069767442067e+00
2.053779069767442067e+00
2.048546511627906686e+00
2.043313953488372192e+00
2.045058139534883690e+00
2.038081395348837255e+00
2.036337209302325757e+00
2.029360465116279322e+00
2.025872093023255882e+00
2.020639534883720945e+00
2.018895348837209447e+00
2.015406976744186007e+00
2.015406976744186007e+00
2.010174418604651070e+00
2.004941860465116132e+00
1.999709302325581639e+00
1.994476744186046702e+00
1.990988372093023484e+00
1.987499999999999822e+00
1.985755813953488547e+00
1.978779069767441889e+00
1.975290697674418672e+00
1.970058139534883956e+00
1.964825581395348797e+00
1.963081395348837299e+00
1.959593023255813860e+00
1.952616279069767646e+00
1.947383720930232709e+00
1.942151162790697549e+00
1.940406976744186052e+00
1.936918604651162834e+00
1.928197674418604679e+00
1.926453488372093181e+00
1.917732558139535026e+00
1.912500000000000089e+00
1.907267441860465151e+00
1.902034883720930214e+00
1.896802325581395277e+00
1.891569767441860561e+00
1.884593023255814126e+00
1.879360465116278966e+00
1.875872093023255971e+00
1.870639534883721034e+00
1.863662790697674376e+00
1.858430232558139661e+00
1.858430232558139661e+00
1.849709302325581506e+00
1.844476744186046568e+00
1.839244186046511853e+00
1.834011627906976694e+00
1.830523255813953698e+00
1.832267441860465196e+00
1.823546511627907041e+00
1.818313953488372103e+00
1.814825581395348886e+00
1.811337209302325446e+00
1.806104651162790731e+00
1.807848837209302451e+00
1.806104651162790731e+00
1.797383720930232576e+00
1.793895348837209358e+00
1.788662790697674421e+00
1.785174418604651203e+00
1.786918604651162923e+00
1.779941860465116266e+00
1.783430232558139483e+00
1.771220930232558333e+00
1.769476744186046613e+00
1.765988372093023173e+00
1.764244186046511675e+00
1.759011627906976738e+00
1.759011627906976738e+00
1.755523255813953520e+00
1.752034883720930303e+00
1.755523255813953520e+00
1.752034883720930303e+00
1.743313953488372148e+00
1.739825581395348930e+00
1.736337209302325713e+00
1.732848837209302273e+00
1.731104651162790775e+00
1.727616279069767558e+00
1.732848837209302273e+00
1.725872093023255838e+00
1.718895348837209403e+00
1.717151162790697905e+00
1.715406976744185963e+00
1.715406976744185963e+00
1.718895348837209403e+00
1.711918604651162745e+00
1.710174418604651247e+00
1.715406976744185963e+00
1.710174418604651247e+00
1.706686046511627808e+00
1.706686046511627808e+00
1.704941860465116310e+00
1.706686046511627808e+00
1.704941860465116310e+00
1.701453488372093092e+00
1.704941860465116310e+00
1.703197674418604590e+00
1.704941860465116310e+00
1.704941860465116310e+00
1.703197674418604590e+00
1.704941860465116310e+00
1.703197674418604590e+00
1.704941860465116310e+00
1.704941860465116310e+00
1.703197674418604590e+00
1.703197674418604590e+00
1.701453488372093092e+00
1.701453488372093092e+00
1.703197674418604590e+00
1.701453488372093092e+00
1.706686046511627808e+00
1.710174418604651247e+00
1.717151162790697905e+00
1.731104651162790775e+00
1.734593023255813993e+00
1.741569767441860428e+00
1.755523255813953520e+00
1.769476744186046613e+00
1.790406976744186140e+00
1.809593023255813948e+00
1.830523255813953698e+00
1.865406976744186096e+00
1.881104651162790686e+00
1.909011627906976871e+00
1.933430232558139394e+00
1.954360465116279144e+00
1.973546511627906952e+00
2.004941860465116132e+00
2.017151162790697949e+00
2.041569767441860694e+00
2.059011627906977004e+00
2.081686046511628252e+00
2.106104651162790553e+00
2.120058139534883868e+00
2.140988372093023173e+00
2.156686046511627985e+00
2.174127906976744296e+00
2.193313953488372103e+00
2.205523255813953476e+00
2.217732558139535293e+00
2.229941860465116665e+00
2.245639534883721034e+00
2.249127906976744029e+00
2.254360465116278966e+00
2.264825581395348841e+00
2.263081395348837344e+00
2.261337209302325846e+00
2.264825581395348841e+00
2.254360465116278966e+00
2.252616279069767913e+00
2.250872093023255971e+00
2.249127906976744029e+00
2.249127906976744029e+00
2.249127906976744029e+00
2.249127906976744029e+00
2.249127906976744029e+00
2.249127906976744029e+00
2.247383720930232531e+00
2.247383720930232531e+00
2.247383720930232531e+00
2.247383720930232531e+00
2.247383720930232531e+00
2.247383720930232531e+00
2.252616279069767913e+00
2.249127906976744029e+00
2.249127906976744029e+00
2.252616279069767913e+00
2.247383720930232531e+00
2.247383720930232531e+00
2.247383720930232531e+00
2.250872093023255971e+00
2.249127906976744029e+00
2.247383720930232531e+00
2.249127906976744029e+00
2.249127906976744029e+00
2.249127906976744029e+00
2.247383720930232531e+00
2.252616279069767913e+00
2.247383720930232531e+00
2.249127906976744029e+00
2.249127906976744029e+00
2.243895348837209536e+00
2.249127906976744029e+00
2.242151162790697594e+00
2.245639534883721034e+00
2.247383720930232531e+00
2.245639534883721034e+00
2.242151162790697594e+00
2.236918604651162656e+00
2.233430232558139661e+00
2.231686046511627719e+00
2.228197674418604723e+00
2.224709302325581284e+00
2.224709302325581284e+00
2.221220930232558288e+00
2.217732558139535293e+00
2.214244186046511409e+00
2.210755813953488413e+00
2.207267441860465418e+00
2.205523255813953476e+00
2.202034883720930036e+00
2.203779069767441978e+00
2.195058139534884045e+00
2.195058139534884045e+00
2.188081395348837166e+00
2.188081395348837166e+00
2.182848837209302673e+00
2.181104651162790731e+00
2.179360465116278789e+00
2.174127906976744296e+00
2.168895348837209358e+00
2.168895348837209358e+00
2.160174418604651425e+00
2.156686046511627985e+00
2.153197674418604546e+00
2.149709302325581550e+00
2.144476744186046613e+00
2.140988372093023173e+00
2.140988372093023173e+00
2.135755813953488236e+00
2.134011627906976738e+00
2.132267441860465240e+00
2.125290697674418805e+00
2.123546511627906863e+00
2.121802325581395809e+00
2.120058139534883868e+00
2.116569767441860428e+00
2.109593023255813993e+00
2.106104651162790553e+00
2.106104651162790553e+00
2.099127906976744562e+00
2.099127906976744562e+00
2.093895348837209180e+00
2.086918604651163189e+00
2.083430232558139306e+00
2.083430232558139306e+00
2.079941860465116310e+00
2.078197674418604812e+00
2.071220930232557933e+00
2.067732558139534937e+00
2.067732558139534937e+00
2.062500000000000000e+00
2.060755813953488502e+00
2.057267441860465063e+00
2.053779069767442067e+00
2.052034883720930569e+00
2.048546511627906686e+00
2.043313953488372192e+00
2.039825581395348753e+00
2.032848837209302317e+00
2.032848837209302317e+00
2.031104651162790820e+00
2.025872093023255882e+00
2.022383720930232442e+00
2.017151162790697949e+00
2.017151162790697949e+00
2.017151162790697949e+00
2.011918604651163012e+00
2.008430232558140016e+00
2.004941860465116132e+00
2.003197674418604635e+00
2.001453488372093137e+00
1.992732558139534982e+00
1.989244186046511764e+00
1.987499999999999822e+00
1.980523255813953609e+00
1.980523255813953609e+00
1.975290697674418672e+00
1.971802325581395454e+00
1.966569767441860517e+00
1.966569767441860517e+00
1.956104651162790642e+00
1.954360465116279144e+00
1.950872093023255704e+00
1.943895348837209491e+00
1.938662790697674554e+00
1.933430232558139394e+00
1.929941860465116399e+00
1.924709302325581461e+00
1.921220930232558244e+00
1.915988372093023306e+00
1.910755813953488369e+00
1.905523255813953432e+00
1.898546511627906996e+00
1.896802325581395277e+00
1.891569767441860561e+00
1.884593023255814126e+00
1.879360465116278966e+00
1.877616279069767469e+00
1.879360465116278966e+00
1.872383720930232531e+00
1.867151162790697816e+00
1.863662790697674376e+00
1.856686046511627941e+00
1.853197674418604723e+00
1.849709302325581506e+00
1.846220930232558066e+00
1.842732558139534849e+00
1.839244186046511853e+00
1.835755813953488413e+00
1.834011627906976694e+00
1.830523255813953698e+00
1.830523255813953698e+00
1.821802325581395543e+00
1.818313953488372103e+00
1.814825581395348886e+00
1.813081395348837388e+00
1.807848837209302451e+00
1.807848837209302451e+00
1.800872093023255793e+00
1.800872093023255793e+00
1.792151162790697638e+00
1.790406976744186140e+00
1.785174418604651203e+00
1.779941860465116266e+00
1.774709302325581328e+00
1.772965116279069830e+00
1.771220930232558333e+00
1.764244186046511675e+00
1.765988372093023173e+00
1.755523255813953520e+00
1.752034883720930303e+00
1.748546511627907085e+00
1.743313953488372148e+00
1.738081395348837210e+00
1.736337209302325713e+00
1.732848837209302273e+00
1.729360465116279055e+00
1.725872093023255838e+00
1.722383720930232620e+00
1.720639534883720900e+00
1.717151162790697905e+00
1.715406976744185963e+00
1.708430232558139750e+00
1.711918604651162745e+00
1.708430232558139750e+00
1.704941860465116310e+00
1.703197674418604590e+00
1.701453488372093092e+00
1.699709302325581595e+00
1.696220930232558155e+00
1.697965116279069653e+00
1.690988372093023440e+00
1.692732558139534937e+00
1.690988372093023440e+00
1.692732558139534937e+00
1.690988372093023440e+00
1.690988372093023440e+00
1.694476744186046657e+00
1.696220930232558155e+00
1.696220930232558155e+00
1.692732558139534937e+00
1.692732558139534937e+00
1.692732558139534937e+00
1.699709302325581595e+00
1.694476744186046657e+00
1.696220930232558155e+00
1.694476744186046657e+00
1.696220930232558155e+00
1.696220930232558155e+00
1.696220930232558155e+00
1.697965116279069653e+00
1.699709302325581595e+00
1.706686046511627808e+00
1.711918604651162745e+00
1.720639534883720900e+00
1.727616279069767558e+00
1.746802325581395365e+00
1.759011627906976738e+00
1.776453488372093048e+00
1.797383720930232576e+00
1.809593023255813948e+00
1.837499999999999911e+00
1.863662790697674376e+00
1.886337209302325624e+00
1.914244186046511587e+00
1.931686046511627897e+00
1.964825581395348797e+00
1.987499999999999822e+00
2.013662790697674509e+00
2.046802325581395632e+00
2.065988372093022996e+00
2.090406976744186185e+00
2.106104651162790553e+00
2.134011627906976738e+00
2.151453488372093048e+00
2.172383720930232798e+00
2.184593023255814170e+00
2.200290697674418983e+00
2.212500000000000355e+00
2.228197674418604723e+00
2.242151162790697594e+00
2.247383720930232531e+00
2.250872093023255971e+00
2.254360465116278966e+00
2.257848837209302406e+00
2.250872093023255971e+00
2.254360465116278966e+00
2.245639534883721034e+00
2.242151162790697594e+00
2.242151162790697594e+00
2.242151162790697594e+00
2.243895348837209536e+00
2.240406976744186096e+00
2.243895348837209536e+00
2.238662790697674598e+00
2.238662790697674598e+00
2.242151162790697594e+00
2.236918604651162656e+00
2.240406976744186096e+00
2.236918604651162656e+00
2.236918604651162656e+00
2.235174418604651603e+00
2.235174418604651603e+00
2.236918604651162656e+00
2.238662790697674598e+00
2.236918604651162656e+00
2.240406976744186096e+00
2.238662790697674598e+00
2.240406976744186096e+00
2.240406976744186096e+00
2.247383720930232531e+00
2.243895348837209536e+00
2.242151162790697594e+00
2.245639534883721034e+00
2.243895348837209536e+00
2.243895348837209536e+00
2.243895348837209536e+00
2.245639534883721034e+00
2.243895348837209536e+00
2.243895348837209536e+00
2.245639534883721034e+00
2.242151162790697594e+00
2.243895348837209536e+00
2.243895348837209536e+00
2.242151162790697594e+00
2.236918604651162656e+00
2.238662790697674598e+00
2.235174418604651603e+00
2.235174418604651603e+00
2.233430232558139661e+00
2.235174418604651603e+00
2.231686046511627719e+00
2.228197674418604723e+00
2.226453488372093226e+00
2.224709302325581284e+00
2.219476744186046346e+00
2.217732558139535293e+00
2.215988372093023351e+00
2.212500000000000355e+00
2.209011627906976916e+00
2.209011627906976916e+00
2.203779069767441978e+00
2.207267441860465418e+00
2.200290697674418983e+00
2.196802325581395099e+00
2.195058139534884045e+00
2.191569767441860606e+00
2.188081395348837166e+00
2.186337209302325668e+00
2.181104651162790731e+00
2.175872093023255793e+00
2.172383720930232798e+00
2.167151162790697860e+00
2.167151162790697860e+00
2.160174418604651425e+00
2.160174418604651425e+00
2.154941860465116488e+00
2.151453488372093048e+00
2.146220930232558111e+00
2.144476744186046613e+00
2.142732558139535115e+00
2.139244186046511675e+00
2.139244186046511675e+00
2.130523255813953742e+00
2.128779069767441801e+00
2.125290697674418805e+00
2.120058139534883868e+00
2.118313953488371926e+00
2.116569767441860428e+00
2.111337209302325491e+00
2.111337209302325491e+00
2.113081395348837432e+00
2.106104651162790553e+00
2.102616279069767558e+00
2.102616279069767558e+00
2.100872093023255616e+00
2.093895348837209180e+00
2.090406976744186185e+00
2.086918604651163189e+00
2.081686046511628252e+00
2.076453488372093314e+00
2.072965116279069875e+00
2.072965116279069875e+00
2.062500000000000000e+00
2.057267441860465063e+00
2.057267441860465063e+00
2.053779069767442067e+00
2.048546511627906686e+00
2.045058139534883690e+00
2.041569767441860694e+00
2.036337209302325757e+00
2.034593023255814259e+00
2.032848837209302317e+00
2.025872093023255882e+00
2.022383720930232442e+00
2.017151162790697949e+00
2.011918604651163012e+00
2.008430232558140016e+00
2.008430232558140016e+00
2.003197674418604635e+00
1.999709302325581639e+00
1.994476744186046702e+00
1.989244186046511764e+00
1.990988372093023484e+00
1.984011627906976827e+00
1.980523255813953609e+00
1.977034883720930170e+00
1.971802325581395454e+00
1.961337209302325801e+00
1.959593023255813860e+00
1.950872093023255704e+00
1.940406976744186052e+00
1.935174418604651336e+00
1.933430232558139394e+00
1.924709302325581461e+00
1.919476744186046524e+00
1.914244186046511587e+00
1.912500000000000089e+00
1.903779069767441934e+00
1.896802325581395277e+00
1.895058139534883779e+00
1.891569767441860561e+00
1.886337209302325624e+00
1.882848837209302406e+00
1.877616279069767469e+00
1.874127906976744251e+00
1.867151162790697816e+00
1.863662790697674376e+00
1.860174418604651159e+00
1.858430232558139661e+00
1.847965116279070008e+00
1.846220930232558066e+00
1.840988372093023351e+00
1.837499999999999911e+00
1.832267441860465196e+00
1.828779069767441756e+00
1.825290697674418539e+00
1.821802325581395543e+00
1.816569767441860606e+00
1.811337209302325446e+00
1.809593023255813948e+00
1.806104651162790731e+00
1.804360465116279233e+00
1.795639534883721078e+00
1.795639534883721078e+00
1.786918604651162923e+00
1.781686046511627985e+00
1.783430232558139483e+00
1.774709302325581328e+00
1.769476744186046613e+00
1.767732558139534893e+00
1.765988372093023173e+00
1.764244186046511675e+00
1.760755813953488458e+00
1.759011627906976738e+00
1.753779069767442023e+00
1.750290697674418583e+00
1.748546511627907085e+00
1.750290697674418583e+00
1.739825581395348930e+00
1.741569767441860428e+00
1.732848837209302273e+00
1.731104651162790775e+00
1.729360465116279055e+00
1.727616279069767558e+00
1.724127906976744118e+00
1.720639534883720900e+00
1.720639534883720900e+00
1.720639534883720900e+00
1.710174418604651247e+00
1.724127906976744118e+00
1.717151162790697905e+00
1.713662790697674465e+00
1.713662790697674465e+00
1.701453488372093092e+00
1.708430232558139750e+00
1.706686046511627808e+00
1.704941860465116310e+00
1.706686046511627808e+00
1.706686046511627808e+00
1.706686046511627808e+00
1.704941860465116310e+00
1.704941860465116310e+00
1.701453488372093092e+00
1.703197674418604590e+00
1.703197674418604590e+00
1.697965116279069653e+00
1.703197674418604590e+00
1.708430232558139750e+00
1.710174418604651247e+00
1.717151162790697905e+00
1.727616279069767558e+00
1.736337209302325713e+00
1.757267441860465018e+00
1.769476744186046613e+00
1.790406976744186140e+00
1.806104651162790731e+00
1.827034883720930258e+00
1.856686046511627941e+00
1.877616279069767469e+00
1.903779069767441934e+00
1.926453488372093181e+00
1.954360465116279144e+00
1.989244186046511764e+00
2.017151162790697949e+00
2.036337209302325757e+00
2.059011627906977004e+00
2.100872093023255616e+00
2.113081395348837432e+00
2.142732558139535115e+00
2.167151162790697860e+00
2.186337209302325668e+00
2.203779069767441978e+00
2.221220930232558288e+00
2.231686046511627719e+00
2.243895348837209536e+00
2.257848837209302406e+00
2.254360465116278966e+00
2.259593023255813904e+00
2.263081395348837344e+00
2.254360465116278966e+00
2.254360465116278966e+00
2.249127906976744029e+00
2.249127906976744029e+00
2.243895348837209536e+00
2.243895348837209536e+00
2.243895348837209536e+00
2.242151162790697594e+00
2.240406976744186096e+00
2.242151162790697594e+00
2.240406976744186096e+00
2.238662790697674598e+00
2.236918604651162656e+00
2.236918604651162656e+00
2.238662790697674598e+00
2.235174418604651603e+00
2.236918604651162656e+00
2.235174418604651603e+00
2.235174418604651603e+00
2.235174418604651603e+00
2.235174418604651603e+00
2.235174418604651603e+00
2.235174418604651603e+00
2.238662790697674598e+00
2.240406976744186096e+00
2.236918604651162656e+00
2.236918604651162656e+00
2.243895348837209536e+00
2.238662790697674598e+00
2.238662790697674598e+00
2.240406976744186096e+00
2.238662790697674598e+00
2.242151162790697594e+00
2.243895348837209536e+00
2.240406976744186096e+00
2.240406976744186096e+00
2.240406976744186096e+00
2.240406976744186096e+00
2.243895348837209536e+00
2.240406976744186096e+00
2.240406976744186096e+00
2.236918604651162656e+00
2.235174418604651603e+00
2.233430232558139661e+00
2.231686046511627719e+00
2.228197674418604723e+00
2.226453488372093226e+00
2.222965116279069786e+00
2.221220930232558288e+00
2.219476744186046346e+00
2.217732558139535293e+00
2.217732558139535293e+00
2.212500000000000355e+00
2.209011627906976916e+00
2.207267441860465418e+00
2.205523255813953476e+00
2.203779069767441978e+00
2.203779069767441978e+00
2.202034883720930036e+00
2.196802325581395099e+00
2.195058139534884045e+00
2.191569767441860606e+00
2.191569767441860606e+00
2.186337209302325668e+00
2.188081395348837166e+00
2.188081395348837166e+00
2.182848837209302673e+00
2.181104651162790731e+00
2.179360465116278789e+00
2.175872093023255793e+00
2.172383720930232798e+00
2.168895348837209358e+00
2.167151162790697860e+00
2.161918604651162923e+00
2.158430232558139483e+00
2.156686046511627985e+00
2.151453488372093048e+00
2.151453488372093048e+00
2.151453488372093048e+00
2.149709302325581550e+00
2.147965116279070052e+00
2.140988372093023173e+00
2.140988372093023173e+00
2.140988372093023173e+00
2.137500000000000178e+00
2.134011627906976738e+00
2.130523255813953742e+00
2.127034883720930303e+00
2.127034883720930303e+00
2.121802325581395809e+00
2.116569767441860428e+00
2.114825581395348930e+00
2.106104651162790553e+00
2.106104651162790553e+00
2.099127906976744562e+00
2.093895348837209180e+00
2.090406976744186185e+00
2.086918604651163189e+00
2.086918604651163189e+00
2.076453488372093314e+00
2.074709302325581373e+00
2.069476744186046879e+00
2.064244186046511942e+00
2.060755813953488502e+00
2.059011627906977004e+00
2.057267441860465063e+00
2.052034883720930569e+00
2.048546511627906686e+00
2.046802325581395632e+00
2.041569767441860694e+00
2.039825581395348753e+00
2.036337209302325757e+00
2.032848837209302317e+00
2.029360465116279322e+00
2.031104651162790820e+00
2.022383720930232442e+00
2.017151162790697949e+00
2.018895348837209447e+00
2.013662790697674509e+00
2.008430232558140016e+00
2.008430232558140016e+00
2.003197674418604635e+00
1.997965116279069919e+00
1.994476744186046702e+00
1.992732558139534982e+00
1.984011627906976827e+00
1.985755813953488547e+00
1.978779069767441889e+00
1.968313953488372015e+00
1.964825581395348797e+00
1.959593023255813860e+00
1.954360465116279144e+00
1.956104651162790642e+00
1.949127906976744207e+00
1.943895348837209491e+00
1.938662790697674554e+00
1.935174418604651336e+00
1.935174418604651336e+00
1.929941860465116399e+00
1.924709302325581461e+00
1.917732558139535026e+00
1.912500000000000089e+00
1.914244186046511587e+00
1.909011627906976871e+00
1.903779069767441934e+00
1.900290697674418716e+00
1.900290697674418716e+00
1.893313953488372281e+00
1.888081395348837122e+00
1.886337209302325624e+00
1.877616279069767469e+00
1.877616279069767469e+00
1.868895348837209314e+00
1.868895348837209314e+00
1.858430232558139661e+00
1.858430232558139661e+00
1.849709302325581506e+00
1.847965116279070008e+00
1.842732558139534849e+00
1.842732558139534849e+00
1.832267441860465196e+00
1.827034883720930258e+00
1.825290697674418539e+00
1.820058139534883601e+00
1.816569767441860606e+00
1.814825581395348886e+00
1.806104651162790731e+00
1.807848837209302451e+00
1.797383720930232576e+00
1.800872093023255793e+00
1.788662790697674421e+00
1.785174418604651203e+00
1.779941860465116266e+00
1.776453488372093048e+00
1.781686046511627985e+00
1.772965116279069830e+00
1.769476744186046613e+00
1.764244186046511675e+00
1.762500000000000178e+00
1.759011627906976738e+00
1.753779069767442023e+00
1.748546511627907085e+00
1.752034883720930303e+00
1.741569767441860428e+00
1.738081395348837210e+00
1.736337209302325713e+00
1.732848837209302273e+00
1.729360465116279055e+00
1.725872093023255838e+00
1.724127906976744118e+00
1.720639534883720900e+00
1.718895348837209403e+00
1.715406976744185963e+00
1.713662790697674465e+00
1.713662790697674465e+00
1.711918604651162745e+00
1.708430232558139750e+00
1.706686046511627808e+00
1.706686046511627808e+00
1.703197674418604590e+00
1.704941860465116310e+00
1.704941860465116310e+00
1.703197674418604590e+00
1.704941860465116310e+00
1.701453488372093092e+00
1.703197674418604590e+00
1.701453488372093092e+00
1.703197674418604590e+00
1.703197674418604590e+00
1.703197674418604590e+00
1.703197674418604590e+00
1.703197674418604590e+00
1.703197674418604590e+00
1.706686046511627808e+00
1.704941860465116310e+00
1.710174418604651247e+00
1.703197674418604590e+00
1.703197674418604590e+00
1.704941860465116310e+00
1.701453488372093092e+00
1.706686046511627808e+00
1.701453488372093092e+00
1.701453488372093092e+00
1.699709302325581595e+00
1.699709302325581595e+00
1.701453488372093092e+00
1.704941860465116310e+00
1.706686046511627808e+00
1.710174418604651247e+00
1.724127906976744118e+00
1.729360465116279055e+00
1.738081395348837210e+00
1.752034883720930303e+00
1.771220930232558333e+00
1.792151162790697638e+00
1.799127906976744296e+00
1.825290697674418539e+00
1.849709302325581506e+00
1.868895348837209314e+00
1.889825581395348841e+00
1.910755813953488369e+00
1.931686046511627897e+00
1.954360465116279144e+00
1.980523255813953609e+00
2.003197674418604635e+00
2.027616279069767380e+00
2.053779069767442067e+00
2.074709302325581373e+00
2.104360465116279499e+00
2.130523255813953742e+00
2.146220930232558111e+00
2.165406976744186363e+00
2.188081395348837166e+00
2.203779069767441978e+00
2.219476744186046346e+00
2.229941860465116665e+00
2.238662790697674598e+00
2.249127906976744029e+00
2.254360465116278966e+00
2.252616279069767913e+00
2.249127906976744029e+00
2.245639534883721034e+00
2.242151162790697594e+00
2.238662790697674598e+00
2.240406976744186096e+00
2.233430232558139661e+00
2.233430232558139661e+00
2.235174418604651603e+00
2.236918604651162656e+00
2.238662790697674598e+00
2.236918604651162656e+00
2.243895348837209536e+00
2.236918604651162656e+00
2.243895348837209536e+00
2.240406976744186096e+00
2.240406976744186096e+00
2.242151162790697594e+00
2.247383720930232531e+00
2.250872093023255971e+00
2.242151162790697594e+00
2.247383720930232531e+00
2.243895348837209536e+00
2.249127906976744029e+00
2.243895348837209536e+00
2.243895348837209536e+00
2.242151162790697594e+00
2.242151162790697594e+00
2.242151162790697594e+00
2.243895348837209536e+00
2.245639534883721034e+00
2.243895348837209536e+00
2.238662790697674598e+00
2.243895348837209536e+00
2.240406976744186096e+00
2.236918604651162656e+00
2.233430232558139661e+00
2.233430232558139661e+00
2.235174418604651603e+00
2.229941860465116665e+00
2.228197674418604723e+00
2.226453488372093226e+00
2.222965116279069786e+00
2.224709302325581284e+00
2.222965116279069786e+00
2.219476744186046346e+00
2.215988372093023351e+00
2.214244186046511409e+00
2.212500000000000355e+00
2.210755813953488413e+00
2.209011627906976916e+00
2.205523255813953476e+00
2.200290697674418983e+00
2.198546511627907041e+00
2.195058139534884045e+00
2.195058139534884045e+00
2.189825581395349108e+00
2.188081395348837166e+00
2.182848837209302673e+00
2.181104651162790731e+00
2.179360465116278789e+00
2.175872093023255793e+00
2.175872093023255793e+00
2.170639534883720856e+00
2.168895348837209358e+00
2.163662790697674421e+00
2.161918604651162923e+00
2.160174418604651425e+00
2.158430232558139483e+00
2.154941860465116488e+00
2.149709302325581550e+00
2.147965116279070052e+00
2.146220930232558111e+00
2.140988372093023173e+00
2.142732558139535115e+00
2.137500000000000178e+00
2.134011627906976738e+00
2.134011627906976738e+00
2.127034883720930303e+00
2.128779069767441801e+00
2.123546511627906863e+00
2.121802325581395809e+00
2.116569767441860428e+00
2.114825581395348930e+00
2.113081395348837432e+00
2.109593023255813993e+00
2.107848837209302495e+00
2.104360465116279499e+00
2.100872093023255616e+00
2.097383720930232620e+00
2.093895348837209180e+00
2.092151162790697683e+00
2.090406976744186185e+00
2.085174418604651247e+00
2.083430232558139306e+00
2.079941860465116310e+00
2.078197674418604812e+00
2.071220930232557933e+00
2.067732558139534937e+00
2.060755813953488502e+00
2.064244186046511942e+00
2.060755813953488502e+00
2.053779069767442067e+00
2.053779069767442067e+00
2.048546511627906686e+00
2.043313953488372192e+00
2.046802325581395632e+00
2.039825581395348753e+00
2.034593023255814259e+00
2.034593023255814259e+00
2.031104651162790820e+00
2.027616279069767380e+00
2.024127906976744384e+00
2.020639534883720945e+00
2.015406976744186007e+00
2.011918604651163012e+00
2.008430232558140016e+00
2.004941860465116132e+00
2.003197674418604635e+00
1.997965116279069919e+00
1.992732558139534982e+00
1.987499999999999822e+00
1.984011627906976827e+00
1.978779069767441889e+00
1.975290697674418672e+00
1.973546511627906952e+00
1.970058139534883956e+00
1.961337209302325801e+00
1.963081395348837299e+00
1.956104651162790642e+00
1.954360465116279144e+00
1.949127906976744207e+00
1.947383720930232709e+00
1.943895348837209491e+00
1.942151162790697549e+00
1.935174418604651336e+00
1.929941860465116399e+00
1.928197674418604679e+00
1.922965116279069742e+00
1.919476744186046524e+00
1.914244186046511587e+00
1.907267441860465151e+00
1.905523255813953432e+00
1.895058139534883779e+00
1.888081395348837122e+00
1.881104651162790686e+00
1.881104651162790686e+00
1.874127906976744251e+00
1.870639534883721034e+00
1.863662790697674376e+00
1.861918604651162878e+00
1.856686046511627941e+00
1.854941860465116221e+00
1.851453488372093004e+00
1.846220930232558066e+00
1.842732558139534849e+00
1.837499999999999911e+00
1.832267441860465196e+00
1.828779069767441756e+00
1.825290697674418539e+00
1.813081395348837388e+00
1.816569767441860606e+00
1.813081395348837388e+00
1.811337209302325446e+00
1.806104651162790731e+00
1.802616279069767291e+00
1.800872093023255793e+00
1.802616279069767291e+00
1.793895348837209358e+00
1.790406976744186140e+00
1.785174418604651203e+00
1.781686046511627985e+00
1.776453488372093048e+00
1.772965116279069830e+00
1.769476744186046613e+00
1.765988372093023173e+00
1.764244186046511675e+00
1.762500000000000178e+00
1.762500000000000178e+00
1.753779069767442023e+00
1.752034883720930303e+00
1.750290697674418583e+00
1.748546511627907085e+00
1.746802325581395365e+00
1.743313953488372148e+00
1.748546511627907085e+00
1.739825581395348930e+00
1.739825581395348930e+00
1.738081395348837210e+00
1.736337209302325713e+00
1.734593023255813993e+00
1.732848837209302273e+00
1.732848837209302273e+00
1.731104651162790775e+00
1.732848837209302273e+00
1.725872093023255838e+00
1.722383720930232620e+00
1.713662790697674465e+00
1.720639534883720900e+00
1.718895348837209403e+00
1.717151162790697905e+00
1.715406976744185963e+00
1.715406976744185963e+00
1.713662790697674465e+00
1.711918604651162745e+00
1.711918604651162745e+00
1.711918604651162745e+00
1.708430232558139750e+00
1.706686046511627808e+00
1.704941860465116310e+00
1.703197674418604590e+00
1.706686046511627808e+00
1.699709302325581595e+00
1.697965116279069653e+00
1.697965116279069653e+00
1.699709302325581595e+00
1.696220930232558155e+00
1.697965116279069653e+00
1.696220930232558155e+00
1.703197674418604590e+00
1.696220930232558155e+00
1.694476744186046657e+00
1.696220930232558155e+00
1.697965116279069653e+00
1.694476744186046657e+00
1.694476744186046657e+00
1.697965116279069653e+00
1.696220930232558155e+00
1.697965116279069653e+00
1.701453488372093092e+00
1.696220930232558155e+00
1.703197674418604590e+00
1.696220930232558155e+00
1.697965116279069653e+00
1.696220930232558155e+00
1.706686046511627808e+00
1.715406976744185963e+00
1.731104651162790775e+00
1.734593023255813993e+00
1.759011627906976738e+00
1.769476744186046613e+00
1.786918604651162923e+00
1.806104651162790731e+00
1.828779069767441756e+00
1.849709302325581506e+00
1.879360465116278966e+00
1.900290697674418716e+00
1.924709302325581461e+00
1.947383720930232709e+00
1.985755813953488547e+00
2.008430232558140016e+00
2.032848837209302317e+00
2.045058139534883690e+00
2.067732558139534937e+00
2.095639534883721122e+00
2.111337209302325491e+00
2.137500000000000178e+00
2.149709302325581550e+00
2.174127906976744296e+00
2.193313953488372103e+00
2.205523255813953476e+00
2.221220930232558288e+00
2.231686046511627719e+00
2.240406976744186096e+00
2.249127906976744029e+00
2.249127906976744029e+00
2.252616279069767913e+00
2.245639534883721034e+00
2.243895348837209536e+00
2.238662790697674598e+00
2.236918604651162656e+00
2.238662790697674598e+00
2.238662790697674598e+00
2.235174418604651603e+00
2.242151162790697594e+00
2.235174418604651603e+00
2.233430232558139661e+00
2.236918604651162656e+00
2.229941860465116665e+00
2.233430232558139661e+00
2.233430232558139661e+00
2.231686046511627719e+00
2.226453488372093226e+00
2.226453488372093226e+00
2.224709302325581284e+00
2.228197674418604723e+00
2.231686046511627719e+00
2.222965116279069786e+00
2.222965116279069786e+00
2.222965116279069786e+00
2.221220930232558288e+00
2.219476744186046346e+00
2.228197674418604723e+00
2.219476744186046346e+00
2.221220930232558288e+00
2.224709302325581284e+00
2.221220930232558288e+00
2.222965116279069786e+00
2.222965116279069786e+00
2.224709302325581284e+00
2.219476744186046346e+00
2.217732558139535293e+00
2.217732558139535293e+00
2.219476744186046346e+00
2.222965116279069786e+00
2.215988372093023351e+00
2.214244186046511409e+00
2.214244186046511409e+00
2.214244186046511409e+00
2.221220930232558288e+00
2.215988372093023351e+00
2.212500000000000355e+00
2.217732558139535293e+00
2.215988372093023351e+00
2.212500000000000355e+00
2.217732558139535293e+00
2.214244186046511409e+00
2.217732558139535293e+00
2.212500000000000355e+00
2.209011627906976916e+00
2.209011627906976916e+00
2.209011627906976916e+00
2.210755813953488413e+00
2.205523255813953476e+00
2.205523255813953476e+00
2.209011627906976916e+00
2.196802325581395099e+00
2.191569767441860606e+00
2.189825581395349108e+00
2.186337209302325668e+00
2.191569767441860606e+00
2.184593023255814170e+00
2.186337209302325668e+00
2.182848837209302673e+00
2.175872093023255793e+00
2.179360465116278789e+00
2.174127906976744296e+00
2.170639534883720856e+00
2.174127906976744296e+00
2.174127906976744296e+00
2.165406976744186363e+00
2.165406976744186363e+00
2.165406976744186363e+00
2.163662790697674421e+00
2.161918604651162923e+00
2.158430232558139483e+00
2.158430232558139483e+00
2.153197674418604546e+00
2.151453488372093048e+00
2.147965116279070052e+00
2.146220930232558111e+00
2.142732558139535115e+00
2.139244186046511675e+00
2.137500000000000178e+00
2.134011627906976738e+00
2.127034883720930303e+00
2.123546511627906863e+00
2.118313953488371926e+00
2.114825581395348930e+00
2.113081395348837432e+00
2.109593023255813993e+00
2.104360465116279499e+00
2.102616279069767558e+00
2.099127906976744562e+00
2.095639534883721122e+00
2.090406976744186185e+00
2.086918604651163189e+00
2.081686046511628252e+00
2.076453488372093314e+00
2.074709302325581373e+00
2.072965116279069875e+00
2.065988372093022996e+00
2.067732558139534937e+00
2.062500000000000000e+00
2.059011627906977004e+00
2.055523255813953565e+00
2.052034883720930569e+00
2.052034883720930569e+00
2.050290697674418627e+00
2.041569767441860694e+00
2.038081395348837255e+00
2.038081395348837255e+00
2.032848837209302317e+00
2.027616279069767380e+00
2.024127906976744384e+00
2.020639534883720945e+00
2.017151162790697949e+00
2.018895348837209447e+00
2.015406976744186007e+00
2.010174418604651070e+00
2.004941860465116132e+00
2.004941860465116132e+00
2.003197674418604635e+00
1.996220930232557977e+00
1.996220930232557977e+00
1.992732558139534982e+00
1.987499999999999822e+00
1.985755813953488547e+00
1.977034883720930170e+00
1.980523255813953609e+00
1.973546511627906952e+00
1.966569767441860517e+00
1.959593023255813860e+00
1.959593023255813860e+00
1.956104651162790642e+00
1.949127906976744207e+00
1.945639534883720989e+00
1.938662790697674554e+00
1.935174418604651336e+00
1.931686046511627897e+00
1.924709302325581461e+00
1.919476744186046524e+00
1.917732558139535026e+00
1.914244186046511587e+00
1.910755813953488369e+00
1.905523255813953432e+00
1.903779069767441934e+00
1.895058139534883779e+00
1.893313953488372281e+00
1.888081395348837122e+00
1.881104651162790686e+00
1.879360465116278966e+00
1.879360465116278966e+00
1.872383720930232531e+00
1.868895348837209314e+00
1.867151162790697816e+00
1.861918604651162878e+00
1.856686046511627941e+00
1.851453488372093004e+00
1.846220930232558066e+00
1.840988372093023351e+00
1.834011627906976694e+00
1.828779069767441756e+00
1.820058139534883601e+00
1.814825581395348886e+00
1.816569767441860606e+00
1.816569767441860606e+00
1.811337209302325446e+00
1.806104651162790731e+00
1.802616279069767291e+00
1.799127906976744296e+00
1.800872093023255793e+00
1.799127906976744296e+00
1.790406976744186140e+00
1.785174418604651203e+00
1.781686046511627985e+00
1.776453488372093048e+00
1.774709302325581328e+00
1.771220930232558333e+00
1.767732558139534893e+00
1.769476744186046613e+00
1.762500000000000178e+00
1.757267441860465018e+00
1.757267441860465018e+00
1.753779069767442023e+00
1.752034883720930303e+00
1.753779069767442023e+00
1.752034883720930303e+00
1.743313953488372148e+00
1.741569767441860428e+00
1.745058139534883868e+00
1.736337209302325713e+00
1.734593023255813993e+00
1.732848837209302273e+00
1.729360465116279055e+00
1.729360465116279055e+00
1.734593023255813993e+00
1.725872093023255838e+00
1.724127906976744118e+00
1.722383720930232620e+00
1.720639534883720900e+00
1.718895348837209403e+00
1.718895348837209403e+00
1.713662790697674465e+00
1.722383720930232620e+00
1.720639534883720900e+00
1.711918604651162745e+00
1.710174418604651247e+00
1.710174418604651247e+00
1.706686046511627808e+00
1.706686046511627808e+00
1.706686046511627808e+00
1.703197674418604590e+00
1.706686046511627808e+00
1.704941860465116310e+00
1.704941860465116310e+00
1.711918604651162745e+00
1.701453488372093092e+00
1.704941860465116310e+00
1.703197674418604590e+00
1.706686046511627808e+00
1.706686046511627808e+00
1.704941860465116310e+00
1.704941860465116310e+00
1.704941860465116310e+00
1.703197674418604590e+00
1.704941860465116310e+00
1.704941860465116310e+00
1.701453488372093092e+00
1.704941860465116310e+00
1.703197674418604590e+00
1.703197674418604590e+00
1.703197674418604590e+00
1.701453488372093092e+00
1.701453488372093092e+00
1.703197674418604590e+00
1.701453488372093092e+00
1.701453488372093092e+00
1.706686046511627808e+00
1.694476744186046657e+00
1.696220930232558155e+00
1.696220930232558155e+00
1.696220930232558155e+00
1.694476744186046657e+00
1.701453488372093092e+00
1.703197674418604590e+00
1.710174418604651247e+00
1.718895348837209403e+00
1.732848837209302273e+00
1.739825581395348930e+00
1.753779069767442023e+00
1.774709302325581328e+00
1.788662790697674421e+00
1.811337209302325446e+00
1.832267441860465196e+00
1.853197674418604723e+00
1.868895348837209314e+00
1.896802325581395277e+00
1.922965116279069742e+00
1.942151162790697549e+00
1.980523255813953609e+00
1.990988372093023484e+00
2.017151162790697949e+00
2.043313953488372192e+00
2.060755813953488502e+00
2.093895348837209180e+00
2.106104651162790553e+00
2.130523255813953742e+00
2.151453488372093048e+00
2.172383720930232798e+00
2.191569767441860606e+00
2.207267441860465418e+00
2.219476744186046346e+00
2.231686046511627719e+00
2.238662790697674598e+00
2.242151162790697594e+00
2.247383720930232531e+00
2.240406976744186096e+00
2.235174418604651603e+00
2.229941860465116665e+00
2.226453488372093226e+00
2.226453488372093226e+00
2.235174418604651603e+00
2.233430232558139661e+00
2.228197674418604723e+00
2.228197674418604723e+00
2.226453488372093226e+00
2.224709302325581284e+00
2.222965116279069786e+00
2.221220930232558288e+00
2.221220930232558288e+00
2.219476744186046346e+00
2.219476744186046346e+00
2.219476744186046346e+00
2.219476744186046346e+00
2.221220930232558288e+00
2.221220930232558288e+00
2.226453488372093226e+00
2.219476744186046346e+00
2.219476744186046346e+00
2.219476744186046346e+00
2.219476744186046346e+00
2.221220930232558288e+00
2.222965116279069786e+00
2.219476744186046346e+00
2.219476744186046346e+00
2.219476744186046346e+00
2.219476744186046346e+00
2.219476744186046346e+00
2.219476744186046346e+00
2.219476744186046346e+00
2.221220930232558288e+00
2.219476744186046346e+00
2.224709302325581284e+00
2.219476744186046346e+00
2.217732558139535293e+00
2.217732558139535293e+00
2.221220930232558288e+00
2.217732558139535293e+00
2.217732558139535293e+00
2.219476744186046346e+00
2.221220930232558288e+00
2.215988372093023351e+00
2.215988372093023351e+00
2.214244186046511409e+00
2.217732558139535293e+00
2.214244186046511409e+00
2.212500000000000355e+00
2.212500000000000355e+00
2.209011627906976916e+00
2.205523255813953476e+00
2.202034883720930036e+00
2.200290697674418983e+00
2.193313953488372103e+00
2.184593023255814170e+00
2.179360465116278789e+00
2.172383720930232798e+00
2.161918604651162923e+00
2.158430232558139483e+00
2.147965116279070052e+00
2.142732558139535115e+00
2.130523255813953742e+00
2.123546511627906863e+00
2.113081395348837432e+00
2.104360465116279499e+00
2.097383720930232620e+00
2.092151162790697683e+00
2.083430232558139306e+00
2.076453488372093314e+00
2.071220930232557933e+00
2.064244186046511942e+00
2.060755813953488502e+00
2.055523255813953565e+00
2.045058139534883690e+00
2.039825581395348753e+00
2.032848837209302317e+00
2.027616279069767380e+00
2.018895348837209447e+00
2.015406976744186007e+00
2.008430232558140016e+00
2.003197674418604635e+00
1.996220930232557977e+00
1.990988372093023484e+00
1.984011627906976827e+00
1.973546511627906952e+00
1.966569767441860517e+00
1.957848837209302362e+00
1.952616279069767646e+00
1.949127906976744207e+00
1.936918604651162834e+00
1.931686046511627897e+00
1.924709302325581461e+00
1.912500000000000089e+00
1.910755813953488369e+00
1.900290697674418716e+00
1.893313953488372281e+00
1.884593023255814126e+00
1.870639534883721034e+00
1.858430232558139661e+00
1.847965116279070008e+00
1.839244186046511853e+00
1.827034883720930258e+00
1.804360465116279233e+00
1.792151162790697638e+00
1.793895348837209358e+00
1.774709302325581328e+00
1.752034883720930303e+00
1.752034883720930303e+00
1.739825581395348930e+00
1.722383720930232620e+00
1.708430232558139750e+00
1.694476744186046657e+00
1.682267441860465285e+00
1.668313953488372192e+00
1.671802325581395410e+00
1.675290697674418627e+00
1.675290697674418627e+00
1.670058139534883690e+00
1.671802325581395410e+00
1.675290697674418627e+00
1.670058139534883690e+00
1.671802325581395410e+00
1.670058139534883690e+00
1.671802325581395410e+00
1.671802325581395410e+00
1.673546511627907130e+00
1.670058139534883690e+00
1.671802325581395410e+00
1.675290697674418627e+00
1.675290697674418627e+00
1.675290697674418627e+00
1.675290697674418627e+00
1.675290697674418627e+00
1.670058139534883690e+00
1.675290697674418627e+00
1.673546511627907130e+00
1.675290697674418627e+00
1.673546511627907130e+00
1.675290697674418627e+00
1.673546511627907130e+00
1.670058139534883690e+00
1.670058139534883690e+00
1.671802325581395410e+00
1.671802325581395410e+00
1.670058139534883690e+00
1.670058139534883690e+00
1.675290697674418627e+00
1.675290697674418627e+00
1.670058139534883690e+00
1.671802325581395410e+00
1.670058139534883690e+00
1.673546511627907130e+00
1.673546511627907130e+00
1.670058139534883690e+00
1.671802325581395410e+00
1.673546511627907130e+00
1.673546511627907130e+00
1.673546511627907130e+00
1.673546511627907130e+00
1.673546511627907130e+00
1.673546511627907130e+00
1.673546511627907130e+00
1.671802325581395410e+00
1.671802325581395410e+00
1.670058139534883690e+00
1.670058139534883690e+00
1.671802325581395410e+00
1.671802325581395410e+00
1.671802325581395410e+00
1.670058139534883690e+00
1.671802325581395410e+00
1.671802325581395410e+00
1.673546511627907130e+00
1.671802325581395410e+00
1.670058139534883690e+00
1.673546511627907130e+00
1.673546511627907130e+00
1.673546511627907130e+00
1.671802325581395410e+00
1.671802325581395410e+00
1.671802325581395410e+00
1.673546511627907130e+00
1.673546511627907130e+00
1.673546511627907130e+00
1.670058139534883690e+00
1.670058139534883690e+00
1.670058139534883690e+00
1.671802325581395410e+00
1.670058139534883690e+00
1.673546511627907130e+00
1.670058139534883690e+00
1.670058139534883690e+00
1.671802325581395410e+00
1.673546511627907130e+00
1.673546511627907130e+00
1.668313953488372192e+00
1.670058139534883690e+00
1.671802325581395410e+00
1.670058139534883690e+00
1.673546511627907130e+00
1.675290697674418627e+00
1.670058139534883690e+00
1.671802325581395410e+00
1.671802325581395410e+00
1.671802325581395410e+00
1.671802325581395410e+00
1.671802325581395410e+00
1.671802325581395410e+00
1.670058139534883690e+00
1.673546511627907130e+00
1.673546511627907130e+00
1.671802325581395410e+00
1.671802325581395410e+00
1.670058139534883690e+00
1.670058139534883690e+00
1.671802325581395410e+00
1.670058139534883690e+00
1.671802325581395410e+00
1.670058139534883690e+00
1.668313953488372192e+00
1.671802325581395410e+00
1.673546511627907130e+00
1.670058139534883690e+00
1.673546511627907130e+00
1.673546511627907130e+00
1.671802325581395410e+00
1.670058139534883690e+00
1.670058139534883690e+00
1.673546511627907130e+00
1.671802325581395410e+00
1.670058139534883690e+00
1.671802325581395410e+00
1.675290697674418627e+00
1.671802325581395410e+00
1.670058139534883690e+00
1.671802325581395410e+00
1.670058139534883690e+00
1.671802325581395410e+00
1.671802325581395410e+00
1.670058139534883690e+00
1.671802325581395410e+00
1.671802325581395410e+00
1.671802325581395410e+00
1.673546511627907130e+00
1.671802325581395410e+00
1.671802325581395410e+00
1.671802325581395410e+00
1.670058139534883690e+00
1.670058139534883690e+00
1.670058139534883690e+00
1.670058139534883690e+00
1.671802325581395410e+00
1.675290697674418627e+00
1.670058139534883690e+00
1.670058139534883690e+00
1.670058139534883690e+00
1.670058139534883690e+00
1.670058139534883690e+00
1.671802325581395410e+00
1.671802325581395410e+00
1.673546511627907130e+00
1.671802325581395410e+00
1.670058139534883690e+00
1.673546511627907130e+00
1.673546511627907130e+00
1.671802325581395410e+00
1.671802325581395410e+00
1.671802325581395410e+00
1.670058139534883690e+00
1.675290697674418627e+00
1.668313953488372192e+00
1.670058139534883690e+00
1.670058139534883690e+00
1.670058139534883690e+00
1.671802325581395410e+00
1.673546511627907130e+00
1.671802325581395410e+00
1.670058139534883690e+00
1.673546511627907130e+00
1.671802325581395410e+00
1.673546511627907130e+00
1.673546511627907130e+00
1.670058139534883690e+00
1.671802325581395410e+00
1.673546511627907130e+00
1.670058139534883690e+00
1.673546511627907130e+00
1.671802325581395410e+00
1.670058139534883690e+00
1.673546511627907130e+00
1.673546511627907130e+00
1.671802325581395410e+00
1.670058139534883690e+00
1.670058139534883690e+00
1.671802325581395410e+00
1.673546511627907130e+00
1.673546511627907130e+00
1.673546511627907130e+00
1.670058139534883690e+00
1.670058139534883690e+00
1.670058139534883690e+00
1.671802325581395410e+00
1.671802325581395410e+00
1.671802325581395410e+00
1.671802325581395410e+00
1.670058139534883690e+00
1.671802325581395410e+00
1.671802325581395410e+00
1.668313953488372192e+00
1.670058139534883690e+00
1.673546511627907130e+00
1.670058139534883690e+00
1.670058139534883690e+00
1.670058139534883690e+00
1.670058139534883690e+00
1.670058139534883690e+00
1.671802325581395410e+00
1.673546511627907130e+00
1.671802325581395410e+00
1.671802325581395410e+00
1.670058139534883690e+00
1.670058139534883690e+00
1.673546511627907130e+00
1.670058139534883690e+00
1.673546511627907130e+00
1.671802325581395410e+00
1.673546511627907130e+00
1.671802325581395410e+00
1.670058139534883690e+00
1.671802325581395410e+00
1.671802325581395410e+00
1.671802325581395410e+00
1.671802325581395410e+00
1.670058139534883690e+00
1.671802325581395410e+00
1.670058139534883690e+00
1.670058139534883690e+00
1.670058139534883690e+00
1.671802325581395410e+00
1.673546511627907130e+00
1.670058139534883690e+00
1.671802325581395410e+00
1.671802325581395410e+00
1.668313953488372192e+00
1.673546511627907130e+00
1.670058139534883690e+00
1.670058139534883690e+00
1.670058139534883690e+00
1.670058139534883690e+00
1.671802325581395410e+00
1.671802325581395410e+00
1.673546511627907130e+00
1.671802325581395410e+00
1.670058139534883690e+00
1.673546511627907130e+00
1.670058139534883690e+00
1.670058139534883690e+00
1.670058139534883690e+00
1.670058139534883690e+00
1.670058139534883690e+00
