1.535852733363697542e+00
1.543604671450075960e+00
1.533914748842102993e+00
1.541666686928481411e+00
1.545542655971670509e+00
1.535852733363697542e+00
1.535852733363697542e+00
1.535852733363697542e+00
1.541666686928481411e+00
1.541666686928481411e+00
1.535852733363697542e+00
1.541666686928481411e+00
1.543604671450075960e+00
1.535852733363697542e+00
1.535852733363697542e+00
1.537790717885292091e+00
1.535852733363697542e+00
1.535852733363697542e+00
1.535852733363697542e+00
1.543604671450075960e+00
1.535852733363697542e+00
1.537790717885292091e+00
1.535852733363697542e+00
1.541666686928481411e+00
1.545542655971670509e+00
1.543604671450075960e+00
1.535852733363697542e+00
1.541666686928481411e+00
1.541666686928481411e+00
1.541666686928481411e+00
1.535852733363697542e+00
1.535852733363697542e+00
1.541666686928481411e+00
1.535852733363697542e+00
1.541666686928481411e+00
1.541666686928481411e+00
1.541666686928481411e+00
1.533914748842102993e+00
1.541666686928481411e+00
1.543604671450075960e+00
1.537790717885292091e+00
1.541666686928481411e+00
1.541666686928481411e+00
1.535852733363697542e+00
1.535852733363697542e+00
1.543604671450075960e+00
1.537790717885292091e+00
1.543604671450075960e+00
1.535852733363697542e+00
1.541666686928481411e+00
1.543604671450075960e+00
1.545542655971670509e+00
1.537790717885292091e+00
1.539728702406886862e+00
1.543604671450075960e+00
1.537790717885292091e+00
1.543604671450075960e+00
1.535852733363697542e+00
1.543604671450075960e+00
1.543604671450075960e+00
1.537790717885292091e+00
1.537790717885292091e+00
1.535852733363697542e+00
1.543604671450075960e+00
1.535852733363697542e+00
1.543604671450075960e+00
1.541666686928481411e+00
1.541666686928481411e+00
1.537790717885292091e+00
1.543604671450075960e+00
1.537790717885292091e+00
1.543604671450075960e+00
1.543604671450075960e+00
1.537790717885292091e+00
1.535852733363697542e+00
1.543604671450075960e+00
1.541666686928481411e+00
1.535852733363697542e+00
1.543604671450075960e+00
1.547480640493265058e+00
1.551356609536454156e+00
1.553294594058048705e+00
1.572674439273994418e+00
1.590116299968345581e+00
1.613372114227480392e+00
1.632751959443426104e+00
1.669573665353722980e+00
1.700581417699236209e+00
1.735465139087938535e+00
1.774224829519829960e+00
1.814922504473315934e+00
1.847868241340423490e+00
1.890503900815504235e+00
1.929263591247395659e+00
1.979651188808854378e+00
2.020348863762340130e+00
2.066860492280610195e+00
2.107558167234095947e+00
2.185077548097878797e+00
2.235465145659337960e+00
2.373062046692552052e+00
2.442829489469957149e+00
2.500969025117794065e+00
2.541666700071280260e+00
2.574612436938387816e+00
2.595930266675928078e+00
2.626938019021441306e+00
2.621124065456657437e+00
2.599806235719117176e+00
2.572674452416793045e+00
2.545542669114469359e+00
2.512596932247361803e+00
2.471899257293875607e+00
2.431201582340389411e+00
2.398255845473281855e+00
2.361434139562985202e+00
2.320736464609499006e+00
2.287790727742391450e+00
2.247093052788905254e+00
2.210271346878608600e+00
2.187015532619473568e+00
2.159883749317149437e+00
2.134689950536420078e+00
2.115310105320474587e+00
2.101744213669312522e+00
2.090116306539744784e+00
2.086240337496555686e+00
2.092054291061339555e+00
2.099806229147717751e+00
2.113372120798879816e+00
2.128875996971636209e+00
2.154069795752366012e+00
2.175387625489905830e+00
2.198643439749040862e+00
2.225775223051364993e+00
2.254844990875283450e+00
2.281976774177607581e+00
2.303294603915147842e+00
2.328488402695877646e+00
2.353682201476606561e+00
2.378876000257335921e+00
2.406007783559660496e+00
2.433139566861984182e+00
2.458333365642713542e+00
2.487403133466631999e+00
2.512596932247361803e+00
2.537790731028090718e+00
2.570736467895198718e+00
2.601744220240711503e+00
2.630813988064630404e+00
2.671511663018116600e+00
2.708333368928413254e+00
2.749031043881899450e+00
2.799418641443357725e+00
2.834302362832060052e+00
2.869186084220762378e+00
2.927325619868599738e+00
2.956395387692518195e+00
2.968023294822085933e+00
2.973837248386869359e+00
2.962209341257302064e+00
2.946705465084545228e+00
2.925387635347004966e+00
2.898255852044681280e+00
2.882751975871924444e+00
2.882751975871924444e+00
2.890503913958303084e+00
2.902131821087870378e+00
2.913759728217437672e+00
2.929263604390194509e+00
2.933139573433383607e+00
2.933139573433383607e+00
2.927325619868599738e+00
2.923449650825410639e+00
2.917635697260626770e+00
2.917635697260626770e+00
2.923449650825410639e+00
2.927325619868599738e+00
2.937015542476572705e+00
2.938953526998167476e+00
2.942829496041356574e+00
2.942829496041356574e+00
2.946705465084545228e+00
2.942829496041356574e+00
2.933139573433383607e+00
2.919573681782221541e+00
2.894379883001492182e+00
2.861434146134384626e+00
2.816860502137709332e+00
2.774224842662628809e+00
2.502907009639388836e+00
2.547480653636063685e+00
2.477713210858659476e+00
2.409883752602849150e+00
2.336240340782255398e+00
2.254844990875283450e+00
2.206395377835419502e+00
2.163759718360338535e+00
2.126938012450041882e+00
2.105620182712501620e+00
2.097868244626122980e+00
2.101744213669312522e+00
2.111434136277285489e+00
2.107558167234095947e+00
2.113372120798879816e+00
2.109496151755690718e+00
2.084302352974961359e+00
2.055232585151042901e+00
2.008720956632772836e+00
1.962209328114503215e+00
1.911821730553044496e+00
1.851744210383612810e+00
1.797480643778964771e+00
1.750969015260694928e+00
1.710271340307208954e+00
1.661821727267344784e+00
1.632751959443426104e+00
1.593992269011534679e+00
1.549418625014859829e+00
1.530038779798914117e+00
1.547480640493265058e+00
1.541666686928481411e+00
1.537790717885292091e+00
1.543604671450075960e+00
1.539728702406886862e+00
1.535852733363697542e+00
1.533914748842102993e+00
1.535852733363697542e+00
1.535852733363697542e+00
1.535852733363697542e+00
1.541666686928481411e+00
1.539728702406886862e+00
1.541666686928481411e+00
1.535852733363697542e+00
1.543604671450075960e+00
1.537790717885292091e+00
1.535852733363697542e+00
1.535852733363697542e+00
1.543604671450075960e+00
1.535852733363697542e+00
1.535852733363697542e+00
1.535852733363697542e+00
1.543604671450075960e+00
1.533914748842102993e+00
1.543604671450075960e+00
1.541666686928481411e+00
1.535852733363697542e+00
1.535852733363697542e+00
1.541666686928481411e+00
1.543604671450075960e+00
1.543604671450075960e+00
1.535852733363697542e+00
1.535852733363697542e+00
1.535852733363697542e+00
1.535852733363697542e+00
1.535852733363697542e+00
1.535852733363697542e+00
1.535852733363697542e+00
1.541666686928481411e+00
1.541666686928481411e+00
1.541666686928481411e+00
1.533914748842102993e+00
1.541666686928481411e+00
1.543604671450075960e+00
1.535852733363697542e+00
1.541666686928481411e+00
1.535852733363697542e+00
1.533914748842102993e+00
1.539728702406886862e+00
1.541666686928481411e+00
1.533914748842102993e+00
1.535852733363697542e+00
1.535852733363697542e+00
1.543604671450075960e+00
1.535852733363697542e+00
1.533914748842102993e+00
1.533914748842102993e+00
1.535852733363697542e+00
1.543604671450075960e+00
1.535852733363697542e+00
1.535852733363697542e+00
1.541666686928481411e+00
1.541666686928481411e+00
1.533914748842102993e+00
1.541666686928481411e+00
1.541666686928481411e+00
1.537790717885292091e+00
1.537790717885292091e+00
1.545542655971670509e+00
1.535852733363697542e+00
1.537790717885292091e+00
1.537790717885292091e+00
1.537790717885292091e+00
1.543604671450075960e+00
1.537790717885292091e+00
1.535852733363697542e+00
1.535852733363697542e+00
1.543604671450075960e+00
1.537790717885292091e+00
1.535852733363697542e+00
1.543604671450075960e+00
1.537790717885292091e+00
1.537790717885292091e+00
1.541666686928481411e+00
1.537790717885292091e+00
1.541666686928481411e+00
1.541666686928481411e+00
1.543604671450075960e+00
1.535852733363697542e+00
1.541666686928481411e+00
1.543604671450075960e+00
1.537790717885292091e+00
1.533914748842102993e+00
1.543604671450075960e+00
1.537790717885292091e+00
1.535852733363697542e+00
1.543604671450075960e+00
1.535852733363697542e+00
1.537790717885292091e+00
1.537790717885292091e+00
1.535852733363697542e+00
1.533914748842102993e+00
1.535852733363697542e+00
1.545542655971670509e+00
1.543604671450075960e+00
1.535852733363697542e+00
1.543604671450075960e+00
1.543604671450075960e+00
1.543604671450075960e+00
1.543604671450075960e+00
1.543604671450075960e+00
1.535852733363697542e+00
1.543604671450075960e+00
1.543604671450075960e+00
1.543604671450075960e+00
1.537790717885292091e+00
1.543604671450075960e+00
1.537790717885292091e+00
1.535852733363697542e+00
1.533914748842102993e+00
1.535852733363697542e+00
1.543604671450075960e+00
1.543604671450075960e+00
1.537790717885292091e+00
1.535852733363697542e+00
1.543604671450075960e+00
1.543604671450075960e+00
1.543604671450075960e+00
1.543604671450075960e+00
1.535852733363697542e+00
1.537790717885292091e+00
1.543604671450075960e+00
1.535852733363697542e+00
1.535852733363697542e+00
1.543604671450075960e+00
1.535852733363697542e+00
1.535852733363697542e+00
1.535852733363697542e+00
1.535852733363697542e+00
1.537790717885292091e+00
1.537790717885292091e+00
1.535852733363697542e+00
1.535852733363697542e+00
1.543604671450075960e+00
1.543604671450075960e+00
1.543604671450075960e+00
1.535852733363697542e+00
1.535852733363697542e+00
1.537790717885292091e+00
1.537790717885292091e+00
1.539728702406886862e+00
1.537790717885292091e+00
1.535852733363697542e+00
1.535852733363697542e+00
1.537790717885292091e+00
1.533914748842102993e+00
1.537790717885292091e+00
1.543604671450075960e+00
1.535852733363697542e+00
1.537790717885292091e+00
1.541666686928481411e+00
1.541666686928481411e+00
1.533914748842102993e+00
1.543604671450075960e+00
1.535852733363697542e+00
1.533914748842102993e+00
1.543604671450075960e+00
1.535852733363697542e+00
1.537790717885292091e+00
1.539728702406886862e+00
1.537790717885292091e+00
1.543604671450075960e+00
1.543604671450075960e+00
1.545542655971670509e+00
1.543604671450075960e+00
1.535852733363697542e+00
1.543604671450075960e+00
1.543604671450075960e+00
1.543604671450075960e+00
1.543604671450075960e+00
1.541666686928481411e+00
1.543604671450075960e+00
1.543604671450075960e+00
1.535852733363697542e+00
1.535852733363697542e+00
1.537790717885292091e+00
1.543604671450075960e+00
1.537790717885292091e+00
1.543604671450075960e+00
1.535852733363697542e+00
1.537790717885292091e+00
1.537790717885292091e+00
1.545542655971670509e+00
1.537790717885292091e+00
1.545542655971670509e+00
1.545542655971670509e+00
1.537790717885292091e+00
1.545542655971670509e+00
1.545542655971670509e+00
1.537790717885292091e+00
1.537790717885292091e+00
1.543604671450075960e+00
1.543604671450075960e+00
1.537790717885292091e+00
1.545542655971670509e+00
1.539728702406886862e+00
1.539728702406886862e+00
1.537790717885292091e+00
1.545542655971670509e+00
1.543604671450075960e+00
1.545542655971670509e+00
1.537790717885292091e+00
1.537790717885292091e+00
1.543604671450075960e+00
1.537790717885292091e+00
1.537790717885292091e+00
1.545542655971670509e+00
1.537790717885292091e+00
1.543604671450075960e+00
1.545542655971670509e+00
1.543604671450075960e+00
1.545542655971670509e+00
1.537790717885292091e+00
1.545542655971670509e+00
1.537790717885292091e+00
1.541666686928481411e+00
1.541666686928481411e+00
1.537790717885292091e+00
1.539728702406886862e+00
1.545542655971670509e+00
1.545542655971670509e+00
1.537790717885292091e+00
1.545542655971670509e+00
1.545542655971670509e+00
1.543604671450075960e+00
1.537790717885292091e+00
1.545542655971670509e+00
1.537790717885292091e+00
1.545542655971670509e+00
1.543604671450075960e+00
1.537790717885292091e+00
1.537790717885292091e+00
1.537790717885292091e+00
1.545542655971670509e+00
1.543604671450075960e+00
1.537790717885292091e+00
1.541666686928481411e+00
1.543604671450075960e+00
1.551356609536454156e+00
1.561046532144427124e+00
1.578488392838778287e+00
1.601744207097913097e+00
1.623062036835453359e+00
1.642441882051399071e+00
1.675387618918506849e+00
1.692829479612857790e+00
1.731589170044749215e+00
1.749031030739100379e+00
1.805232581865342967e+00
1.836240334210856195e+00
1.880813978207531267e+00
1.925387622204206339e+00
1.968023281679287084e+00
2.012596925675961934e+00
2.053294600629448130e+00
2.095930260104528653e+00
2.144379873144393045e+00
2.208333362357013829e+00
2.278100805134418483e+00
2.340116309825444496e+00
2.396317860951687528e+00
2.448643443034740574e+00
2.489341117988226326e+00
2.522286854855334770e+00
2.539728715549685489e+00
2.553294607200847555e+00
2.559108560765631424e+00
2.537790731028090718e+00
2.516472901290550901e+00
2.485465148945037228e+00
2.450581427556334901e+00
2.406007783559660496e+00
2.361434139562985202e+00
2.311046542001526038e+00
2.280038789656013254e+00
2.243217083745716156e+00
2.206395377835419502e+00
2.175387625489905830e+00
2.140503904101203947e+00
2.115310105320474587e+00
2.092054291061339555e+00
2.072674445845394064e+00
2.062984523237421097e+00
2.061046538715826326e+00
2.068798476802204522e+00
2.084302352974961359e+00
2.099806229147717751e+00
2.123062043406852784e+00
2.144379873144393045e+00
2.175387625489905830e+00
2.204457393313824731e+00
2.231589176616148862e+00
2.258720959918472548e+00
2.293604681307174875e+00
2.316860495566309908e+00
2.347868247911823136e+00
2.371124062170957725e+00
2.402131814516470953e+00
2.419573675210822117e+00
2.450581427556334901e+00
2.479651195380253803e+00
2.502907009639388836e+00
2.530038792941712522e+00
2.555232591722442326e+00
2.584302359546360783e+00
2.621124065456657437e+00
2.654069802323764993e+00
2.688953523712467319e+00
2.729651198665953515e+00
2.772286858141034038e+00
2.820736471180898430e+00
2.878876006828735346e+00
2.915697712739031999e+00
2.960271356735707293e+00
2.991279109081220522e+00
2.985465155516436653e+00
3.016472907861950326e+00
3.010658954297166456e+00
2.989341124559625751e+00
2.962209341257302064e+00
2.931201588911788836e+00
2.896317867523086509e+00
2.884689960393519215e+00
2.888565929436708313e+00
2.896317867523086509e+00
2.906007790131059032e+00
2.927325619868599738e+00
2.946705465084545228e+00
2.944767480562950457e+00
2.935077557954977934e+00
2.917635697260626770e+00
2.878876006828735346e+00
2.842054300918438692e+00
2.793604687878574300e+00
2.735465152230737385e+00
2.661821740410143633e+00
2.582364375024766012e+00
2.497093056074604966e+00
2.419573675210822117e+00
2.309108557479931711e+00
2.183139563576284470e+00
2.033914755413502640e+00
1.906007776988260627e+00
1.733527154566343986e+00
1.632751959443426104e+00
1.514534903626157281e+00
1.642441882051399071e+00
1.704457386742425307e+00
1.718023278393587372e+00
1.861434132991585555e+00
1.909883746031449947e+00
1.962209328114503215e+00
2.004844987589583738e+00
2.035852739935096967e+00
2.051356616107853359e+00
2.051356616107853359e+00
2.041666693499880392e+00
2.028100801848718771e+00
2.014534910197556705e+00
1.993217080460016222e+00
1.987403126895232797e+00
1.964147312636097764e+00
1.954457390028124797e+00
1.933139560290584757e+00
1.909883746031449947e+00
1.886627931772314914e+00
1.859496148469991006e+00
1.818798473516504810e+00
1.793604674735775673e+00
1.758720953347073346e+00
1.725775216479965568e+00
1.677325603440101398e+00
1.636627928486615424e+00
1.609496145184291294e+00
1.574612423795588967e+00
1.537790717885292091e+00
1.547480640493265058e+00
1.566860485709210771e+00
1.570736454752399869e+00
1.562984516666021673e+00
1.555232578579643254e+00
1.537790717885292091e+00
1.545542655971670509e+00
1.551356609536454156e+00
1.547480640493265058e+00
1.547480640493265058e+00
1.545542655971670509e+00
1.543604671450075960e+00
1.549418625014859829e+00
1.547480640493265058e+00
1.547480640493265058e+00
1.543604671450075960e+00
1.547480640493265058e+00
1.549418625014859829e+00
1.549418625014859829e+00
1.541666686928481411e+00
1.543604671450075960e+00
1.541666686928481411e+00
1.549418625014859829e+00
1.543604671450075960e+00
1.541666686928481411e+00
1.549418625014859829e+00
1.541666686928481411e+00
1.549418625014859829e+00
1.549418625014859829e+00
1.547480640493265058e+00
1.549418625014859829e+00
1.541666686928481411e+00
1.539728702406886862e+00
1.541666686928481411e+00
1.541666686928481411e+00
1.541666686928481411e+00
1.541666686928481411e+00
1.541666686928481411e+00
1.541666686928481411e+00
1.549418625014859829e+00
1.539728702406886862e+00
1.541666686928481411e+00
1.543604671450075960e+00
1.549418625014859829e+00
1.541666686928481411e+00
1.547480640493265058e+00
1.549418625014859829e+00
1.541666686928481411e+00
1.551356609536454156e+00
1.541666686928481411e+00
1.547480640493265058e+00
1.549418625014859829e+00
1.539728702406886862e+00
1.547480640493265058e+00
1.541666686928481411e+00
1.539728702406886862e+00
1.547480640493265058e+00
1.549418625014859829e+00
1.547480640493265058e+00
1.541666686928481411e+00
1.541666686928481411e+00
1.543604671450075960e+00
1.543604671450075960e+00
1.539728702406886862e+00
1.541666686928481411e+00
1.549418625014859829e+00
1.549418625014859829e+00
1.541666686928481411e+00
1.541666686928481411e+00
1.549418625014859829e+00
1.541666686928481411e+00
1.541666686928481411e+00
1.543604671450075960e+00
1.541666686928481411e+00
1.541666686928481411e+00
1.547480640493265058e+00
1.545542655971670509e+00
1.541666686928481411e+00
1.543604671450075960e+00
1.541666686928481411e+00
1.549418625014859829e+00
1.551356609536454156e+00
1.549418625014859829e+00
1.549418625014859829e+00
1.543604671450075960e+00
1.543604671450075960e+00
1.543604671450075960e+00
1.549418625014859829e+00
1.549418625014859829e+00
1.541666686928481411e+00
1.541666686928481411e+00
1.549418625014859829e+00
1.549418625014859829e+00
1.543604671450075960e+00
1.549418625014859829e+00
1.551356609536454156e+00
1.551356609536454156e+00
1.551356609536454156e+00
1.543604671450075960e+00
1.541666686928481411e+00
1.549418625014859829e+00
1.551356609536454156e+00
1.543604671450075960e+00
1.543604671450075960e+00
1.543604671450075960e+00
1.545542655971670509e+00
1.541666686928481411e+00
1.551356609536454156e+00
1.543604671450075960e+00
1.543604671450075960e+00
1.549418625014859829e+00
1.543604671450075960e+00
1.541666686928481411e+00
1.541666686928481411e+00
1.551356609536454156e+00
1.543604671450075960e+00
1.543604671450075960e+00
1.549418625014859829e+00
1.545542655971670509e+00
1.541666686928481411e+00
1.543604671450075960e+00
1.549418625014859829e+00
1.543604671450075960e+00
1.549418625014859829e+00
1.541666686928481411e+00
1.543604671450075960e+00
1.551356609536454156e+00
1.549418625014859829e+00
1.549418625014859829e+00
1.541666686928481411e+00
1.541666686928481411e+00
1.551356609536454156e+00
1.549418625014859829e+00
1.543604671450075960e+00
1.543604671450075960e+00
1.543604671450075960e+00
1.543604671450075960e+00
1.543604671450075960e+00
1.543604671450075960e+00
1.549418625014859829e+00
1.549418625014859829e+00
1.543604671450075960e+00
1.549418625014859829e+00
1.543604671450075960e+00
1.541666686928481411e+00
1.543604671450075960e+00
1.541666686928481411e+00
1.549418625014859829e+00
1.541666686928481411e+00
1.541666686928481411e+00
1.541666686928481411e+00
1.541666686928481411e+00
1.543604671450075960e+00
1.541666686928481411e+00
1.549418625014859829e+00
1.541666686928481411e+00
1.539728702406886862e+00
1.549418625014859829e+00
1.543604671450075960e+00
1.541666686928481411e+00
1.549418625014859829e+00
1.547480640493265058e+00
1.543604671450075960e+00
1.549418625014859829e+00
1.543604671450075960e+00
1.541666686928481411e+00
1.549418625014859829e+00
1.549418625014859829e+00
1.549418625014859829e+00
1.547480640493265058e+00
1.545542655971670509e+00
1.543604671450075960e+00
1.549418625014859829e+00
1.549418625014859829e+00
1.543604671450075960e+00
1.543604671450075960e+00
1.543604671450075960e+00
1.541666686928481411e+00
1.549418625014859829e+00
1.541666686928481411e+00
1.549418625014859829e+00
1.541666686928481411e+00
1.549418625014859829e+00
1.543604671450075960e+00
1.543604671450075960e+00
1.541666686928481411e+00
1.543604671450075960e+00
1.543604671450075960e+00
1.549418625014859829e+00
1.551356609536454156e+00
1.549418625014859829e+00
1.541666686928481411e+00
1.543604671450075960e+00
1.543604671450075960e+00
1.543604671450075960e+00
1.549418625014859829e+00
1.549418625014859829e+00
1.541666686928481411e+00
1.543604671450075960e+00
1.543604671450075960e+00
1.549418625014859829e+00
1.541666686928481411e+00
1.549418625014859829e+00
1.541666686928481411e+00
1.541666686928481411e+00
1.541666686928481411e+00
1.549418625014859829e+00
1.549418625014859829e+00
1.549418625014859829e+00
1.549418625014859829e+00
1.549418625014859829e+00
1.549418625014859829e+00
1.543604671450075960e+00
1.541666686928481411e+00
1.549418625014859829e+00
1.551356609536454156e+00
1.541666686928481411e+00
1.547480640493265058e+00
1.543604671450075960e+00
1.541666686928481411e+00
1.549418625014859829e+00
1.549418625014859829e+00
1.541666686928481411e+00
1.549418625014859829e+00
1.549418625014859829e+00
1.541666686928481411e+00
1.543604671450075960e+00
1.543604671450075960e+00
1.543604671450075960e+00
1.541666686928481411e+00
1.549418625014859829e+00
1.543604671450075960e+00
1.549418625014859829e+00
1.547480640493265058e+00
1.541666686928481411e+00
1.543604671450075960e+00
1.543604671450075960e+00
1.549418625014859829e+00
1.549418625014859829e+00
1.551356609536454156e+00
1.543604671450075960e+00
1.543604671450075960e+00
1.541666686928481411e+00
1.543604671450075960e+00
1.543604671450075960e+00
1.549418625014859829e+00
1.541666686928481411e+00
1.543604671450075960e+00
1.549418625014859829e+00
1.543604671450075960e+00
1.543604671450075960e+00
1.549418625014859829e+00
1.551356609536454156e+00
1.551356609536454156e+00
1.543604671450075960e+00
1.549418625014859829e+00
1.549418625014859829e+00
1.541666686928481411e+00
1.549418625014859829e+00
1.551356609536454156e+00
1.549418625014859829e+00
1.543604671450075960e+00
1.543604671450075960e+00
1.543604671450075960e+00
1.549418625014859829e+00
1.543604671450075960e+00
1.545542655971670509e+00
1.549418625014859829e+00
1.559108547622832575e+00
1.570736454752399869e+00
1.586240330925156483e+00
1.605620176141102196e+00
1.621124052313858810e+00
1.654069789180966366e+00
1.681201572483290496e+00
1.698643433177641660e+00
1.749031030739100379e+00
1.783914752127802705e+00
1.811046535430126836e+00
1.853682194905207359e+00
1.909883746031449947e+00
1.950581420984935921e+00
1.991279095938421673e+00
2.043604678021475163e+00
2.084302352974961359e+00
2.136627935058014405e+00
2.192829486184257437e+00
2.254844990875283450e+00
2.314922511044715137e+00
2.376938015735741594e+00
2.417635690689227346e+00
2.468023288250686509e+00
2.500969025117794065e+00
2.520348870333739999e+00
2.537790731028090718e+00
2.539728715549685489e+00
2.522286854855334770e+00
2.504844994160983163e+00
2.471899257293875607e+00
2.433139566861984182e+00
2.384689953822119790e+00
2.340116309825444496e+00
2.293604681307174875e+00
2.254844990875283450e+00
2.218023284964986352e+00
2.185077548097878797e+00
2.142441888622798274e+00
2.115310105320474587e+00
2.088178322018150457e+00
2.072674445845394064e+00
2.055232585151042901e+00
2.045542662543069934e+00
2.049418631586259032e+00
2.057170569672637228e+00
2.076550414888583163e+00
2.093992275582934326e+00
2.140503904101203947e+00
2.169573671925122405e+00
2.196705455227446091e+00
2.223837238529770222e+00
2.254844990875283450e+00
2.278100805134418483e+00
2.305232588436742169e+00
2.324612433652688104e+00
2.345930263390228365e+00
2.369186077649362954e+00
2.386627938343714561e+00
2.402131814516470953e+00
2.417635690689227346e+00
2.437015535905173280e+00
2.456395381121118771e+00
2.473837241815470378e+00
2.491279102509821097e+00
2.508720963204172261e+00
2.530038792941712522e+00
2.551356622679253228e+00
2.572674452416793045e+00
2.599806235719117176e+00
2.626938019021441306e+00
2.654069802323764993e+00
2.687015539190872992e+00
2.719961276057980548e+00
2.750969028403493333e+00
2.799418641443357725e+00
2.847868254483222117e+00
2.890503913958303084e+00
2.927325619868599738e+00
2.960271356735707293e+00
2.981589186473247999e+00
2.991279109081220522e+00
2.983527170994841882e+00
2.971899263865275032e+00
2.944767480562950457e+00
2.907945774652653803e+00
2.876938022307140574e+00
2.849806239004816888e+00
2.849806239004816888e+00
2.859496161612789855e+00
2.873062053263951476e+00
2.884689960393519215e+00
2.894379883001492182e+00
2.898255852044681280e+00
2.900193836566276051e+00
2.900193836566276051e+00
2.886627944915113542e+00
2.880813991350330117e+00
2.880813991350330117e+00
2.880813991350330117e+00
2.888565929436708313e+00
2.888565929436708313e+00
2.894379883001492182e+00
2.902131821087870378e+00
2.898255852044681280e+00
2.894379883001492182e+00
2.873062053263951476e+00
2.847868254483222117e+00
2.812984533094520234e+00
2.780038796227412234e+00
2.714147322493196679e+00
2.657945771366954535e+00
2.590116313111144652e+00
2.514534916768956130e+00
2.440891504948362378e+00
2.342054294347039267e+00
2.245155068267310927e+00
2.092054291061339555e+00
1.944767467420152052e+00
1.942183488058025764e+00
1.939599508695899921e+00
1.937015529333773856e+00
1.934431549971647790e+00
1.931847570609521725e+00
1.929263591247395659e+00
1.926679611885269372e+00
1.921511653161017241e+00
1.968023281679287084e+00
1.997093049503205542e+00
2.022286848283934901e+00
2.026162817327123999e+00
2.026162817327123999e+00
2.014534910197556705e+00
1.979651188808854378e+00
1.940891498376962954e+00
1.896317854380287660e+00
1.834302349689261646e+00
1.766472891433451542e+00
1.607558160662696967e+00
1.512596919104562732e+00
1.570736454752399869e+00
1.621124052313858810e+00
1.659883742745750235e+00
1.675387618918506849e+00
1.696705448656047110e+00
1.694767464134452561e+00
1.692829479612857790e+00
1.679263587961695947e+00
1.654069789180966366e+00
1.615310098749074941e+00
1.570736454752399869e+00
1.514534903626157281e+00
1.555232578579643254e+00
1.576550408317183516e+00
1.593992269011534679e+00
1.595930253533129228e+00
1.590116299968345581e+00
1.570736454752399869e+00
1.543604671450075960e+00
1.518410872669346379e+00
1.539728702406886862e+00
1.553294594058048705e+00
1.553294594058048705e+00
1.547480640493265058e+00
1.526162810755724797e+00
1.522286841712535699e+00
1.535852733363697542e+00
1.537790717885292091e+00
1.526162810755724797e+00
1.522286841712535699e+00
1.530038779798914117e+00
1.526162810755724797e+00
1.526162810755724797e+00
1.528100795277319346e+00
1.526162810755724797e+00
1.524224826234130248e+00
1.526162810755724797e+00
1.526162810755724797e+00
1.524224826234130248e+00
1.526162810755724797e+00
1.524224826234130248e+00
1.524224826234130248e+00
1.526162810755724797e+00
1.526162810755724797e+00
1.533914748842102993e+00
1.528100795277319346e+00
1.526162810755724797e+00
1.526162810755724797e+00
1.524224826234130248e+00
1.524224826234130248e+00
1.526162810755724797e+00
1.524224826234130248e+00
1.524224826234130248e+00
1.526162810755724797e+00
1.524224826234130248e+00
1.526162810755724797e+00
1.524224826234130248e+00
1.524224826234130248e+00
1.526162810755724797e+00
1.526162810755724797e+00
1.526162810755724797e+00
1.526162810755724797e+00
1.524224826234130248e+00
1.526162810755724797e+00
1.524224826234130248e+00
1.526162810755724797e+00
1.526162810755724797e+00
1.524224826234130248e+00
1.524224826234130248e+00
1.526162810755724797e+00
1.526162810755724797e+00
1.524224826234130248e+00
1.526162810755724797e+00
1.524224826234130248e+00
1.524224826234130248e+00
1.526162810755724797e+00
1.526162810755724797e+00
1.526162810755724797e+00
1.526162810755724797e+00
1.526162810755724797e+00
1.526162810755724797e+00
1.524224826234130248e+00
1.526162810755724797e+00
1.524224826234130248e+00
1.524224826234130248e+00
1.524224826234130248e+00
1.524224826234130248e+00
1.526162810755724797e+00
1.526162810755724797e+00
1.526162810755724797e+00
1.526162810755724797e+00
1.526162810755724797e+00
1.526162810755724797e+00
1.522286841712535699e+00
1.524224826234130248e+00
1.526162810755724797e+00
1.526162810755724797e+00
1.524224826234130248e+00
1.524224826234130248e+00
1.526162810755724797e+00
1.526162810755724797e+00
1.535852733363697542e+00
1.526162810755724797e+00
1.524224826234130248e+00
1.526162810755724797e+00
1.524224826234130248e+00
1.524224826234130248e+00
1.524224826234130248e+00
1.535852733363697542e+00
1.528100795277319346e+00
1.524224826234130248e+00
1.524224826234130248e+00
1.522286841712535699e+00
1.522286841712535699e+00
1.533914748842102993e+00
1.522286841712535699e+00
1.524224826234130248e+00
1.524224826234130248e+00
1.520348857190941150e+00
1.524224826234130248e+00
1.526162810755724797e+00
1.526162810755724797e+00
1.526162810755724797e+00
1.524224826234130248e+00
